### Anura3D_2023 ###
$$DIMENSION
2D-plane_strain
$$ELEMENTTYPE
triangular_3-noded
$$FORMULATION
single-point
$$STARTCOUNTERS
1710 912
$$STARTNODES
0.0 13.0
0.5 13.0
0.0 12.5
0.7083333333333326 12.55582274842315
0.4999999999999978 12.133974596215563
0.0 12.0
1.0 13.0
0.9999999999999982 12.133974596215563
1.2499999999999991 12.56698729810778
0.6071428571428568 11.638415869536352
0.0 11.5
1.5 13.0
1.4999999999999991 12.133974596215563
1.7499999999999987 12.566987298107781
1.2261904761904758 11.601221159381804
2.0 13.0
0.0 11.0
0.5 11.0
1.9999999999999987 12.133974596215563
1.0 11.0
1.7460317460317452 11.595022041022713
2.249999999999997 12.566987298107783
1.5 11.0
2.5 13.0
0.0 10.5
2.2499999999999996 11.700961894323344
0.708333333333333 10.488835450315367
2.499999999999998 12.133974596215563
2.749999999999999 12.566987298107781
1.2847222222222223 10.49813924171923
2.0 11.0
0.0 10.0
3.0 13.0
0.5 10.0
2.9999999999999964 12.133974596215564
1.0 10.0
2.0 10.5
2.75 11.299038105676658
3.000000000000001 11.732050807568877
3.2499999999999982 12.566987298107781
2.4999999999999987 10.819615242270665
1.5 10.0
0.0 9.5
3.5 13.0
3.4999999999999956 12.133974596215564
2.0 10.0
0.6250571764131907 9.39625850340126
3.2499999999999996 11.299038105676658
3.000000000000001 10.86602540378444
1.143593539448899 9.499999999999726
3.5 11.732050807568875
2.708333333333332 10.436442224657887
3.749999999999998 12.566987298107781
2.5 10.0
3.90162037037037 12.146208659298296
4.0 13.0
0.0 9.0
1.5638385344509453 9.291666666666456
2.009618943233341 9.499999999999764
3.5 10.866025403784437
3.75 11.299038105676658
3.2499999999999996 10.433012701892219
1.1435935394489225 8.999999999999726
3.0 10.0
4.051890432098764 11.725597939001709
0.5882131559945063 8.773809523809357
4.249999999999998 12.566987298107781
2.4426316451255707 9.249999999999782
2.009618943233362 8.999999999999764
4.4097222222222205 12.145201148220895
0.0 8.5
4.5 13.0
2.87564434701778 9.499999999999803
1.5766062413411528 8.749999999999746
4.0 10.866025403784437
3.749999999999999 10.43301270189222
4.25 11.299038105676658
3.5 10.0
1.1435935394489438 8.499999999999725
4.5 11.732050807568877
4.749999999999998 12.56698729810778
0.5995535832899526 8.249999999999666
2.4426316451255925 8.749999999999783
2.875644347017801 8.999999999999801
2.009618943233383 8.499999999999764
4.25 10.433012701892219
4.5 10.86602540378444
3.340547540758345 9.291666666666517
5.0 13.0
4.0 10.0
0.0 8.0
1.5766062413411754 8.249999999999744
4.958333333333331 12.139156081756484
4.749999999999999 11.299038105676658
3.741669750802219 9.49999999999984
1.1435935394489674 7.999999999999726
5.25 12.566987298107781
0.5995535832850933 7.749999999998827
2.8756443470178223 8.4999999999998
2.442631645125614 8.249999999999782
3.3086570489100318 8.749999999999822
2.0096189432334066 7.9999999999997655
4.5 10.0
5.250000000000001 11.700961894323342
3.7416697508022407 8.999999999999838
1.576606241341198 7.749999999999746
5.5 13.0
0.0 7.5
4.14556871057871 9.291666666666547
5.500000000000001 12.133974596215563
1.1435935394489887 7.499999999999725
5.000000000000003 10.401923788646688
5.250000000000002 10.834936490538905
5.7499999999999964 12.566987298107783
5.500000000000003 11.267949192431125
2.875644347017845 7.9999999999998
0.5995535832558652 7.249999999993805
4.607695154586658 9.49999999999988
3.3086570489100544 8.249999999999819
2.4426316451256365 7.749999999999782
5.0 10.0
3.7416697508022616 8.49999999999984
2.009618943233428 7.499999999999765
5.75 11.700961894323344
4.174682452694471 8.749999999999858
1.5766062413412194 7.249999999999745
6.0 13.0
0.0 7.0
5.999999999999999 12.133974596215564
4.60769515458668 8.999999999999877
1.14359353944901 6.9999999999997256
5.750000000000002 10.834936490538908
5.583333333333332 10.41228675972853
3.3086570489100753 7.749999999999821
2.8756443470178668 7.499999999999801
6.000000000000002 11.267949192431125
3.7416697508022847 7.9999999999998375
2.4426316451256582 7.249999999999783
6.249999999999998 12.56698729810778
5.5 10.0
0.5995535830804304 6.749999999963674
5.040707856478889 9.249999999999893
4.174682452694492 8.249999999999856
2.0096189432334497 6.999999999999764
6.250000000000002 11.700961894323346
4.607695154586701 8.499999999999876
1.5766062413412412 6.749999999999744
5.473720558371101 9.499999999999915
0.0 6.5
6.5 13.0
6.000000000000002 10.401923788646688
6.500000000000002 12.133974596215564
5.04070785647891 8.749999999999897
1.143593539449034 6.499999999999725
6.250000000000002 10.834936490538905
3.3086570489100966 7.2499999999998215
3.741669750802306 7.499999999999838
2.875644347017889 6.999999999999802
4.174682452694514 7.749999999999857
6.0 10.0
2.4426316451256795 6.7499999999997815
6.499999999999998 11.267949192431125
6.749999999999998 12.56698729810778
0.5995535820277538 6.2499999997828946
5.473720558371119 8.999999999999913
4.6076951545867235 7.999999999999875
2.009618943233472 6.4999999999997655
6.749999999999998 11.700961894323344
6.402777777777778 10.414013921575505
5.0407078564789325 8.249999999999895
1.5766062413412638 6.249999999999744
5.922277716886113 9.29166666666661
7.0 13.0
0.0 6.0
7.0 12.13397459621556
3.7416697508023287 6.999999999999842
3.30865704891012 6.74999999999982
5.473720558371141 8.499999999999913
6.749999999999995 10.834936490538908
1.1435935394490548 5.999999999999725
4.174682452694537 7.249999999999857
2.8756443470179116 6.499999999999801
6.5 10.0
4.607695154586743 7.499999999999875
2.442631645125703 6.249999999999781
6.999999999999998 11.267949192431125
6.33974596215554 9.49999999999995
7.25 12.56698729810778
0.5995535757116262 5.749999998698216
5.9067332602633495 8.749999999999932
5.040707856478953 7.749999999999892
2.009618943233496 5.999999999999763
6.884259259259258 10.416316804038138
7.249999999999998 11.700961894323346
5.473720558371163 7.99999999999991
1.5766062413412865 5.749999999999744
6.339745962155561 8.99999999999995
0.0 5.5
7.5 13.0
3.74166975080235 6.499999999999841
4.174682452694556 6.749999999999856
3.308657048910143 6.24999999999982
7.5 12.133974596215563
4.607695154586764 6.9999999999998765
7.249999999999995 10.834936490538905
2.8756443470179347 5.9999999999998
5.906733260263371 8.249999999999932
1.1435935394490784 5.499999999999725
7.0 10.0
5.040707856478974 7.249999999999893
2.442631645125727 5.7499999999997815
6.775136386236766 9.411507957488428
7.5 11.267949192431121
5.473720558371182 7.49999999999991
7.75 12.566987298107783
2.0096189432335176 5.499999999999763
0.5995535378148036 5.249999992190139
6.339745962155581 8.499999999999948
7.402777777777779 10.414013921575503
7.7499999999999964 11.700961894323342
5.906733260263394 7.7499999999999325
1.5766062413413091 5.249999999999743
4.174682452694579 6.249999999999857
3.741669750802374 5.99999999999984
4.607695154586787 6.499999999999875
3.308657048910166 5.74999999999982
6.772758664047789 8.749999999999966
0.0 5.0
8.0 13.0
7.250000000000001 9.566987298107778
5.0407078564789956 6.749999999999894
2.875644347017956 5.499999999999802
8.0 12.13397459621556
7.75 10.834936490538905
6.339745962155599 7.999999999999949
7.5 10.0
1.1435935394491001 4.999999999999725
5.4737205583712045 6.999999999999912
2.4426316451257484 5.249999999999781
8.0 11.267949192431123
7.223704115298471 9.063568404311363
5.9067332602634135 7.249999999999929
2.009618943233539 4.999999999999763
8.25 12.566987298107778
0.5995533104337984 4.749999953141677
6.772758664047808 8.249999999999966
7.886574074074076 10.416028943730307
8.25 11.700961894323342
4.1746824526946025 5.749999999999856
4.607695154586809 5.999999999999875
3.741669750802392 5.499999999999841
6.339745962155623 7.4999999999999485
1.5766062413413313 4.749999999999743
5.040707856479017 6.249999999999895
3.308657048910186 5.249999999999821
7.205771365940016 8.49999999999998
7.7023360290709535 9.411996370887934
5.473720558371226 6.499999999999912
0.0 4.5
8.5 13.0
2.8756443470179764 4.999999999999804
8.25 10.834936490538903
8.0 10.0
8.500000000000002 12.133974596215559
6.7727586640478314 7.74999999999997
1.1435935394491232 4.499999999999724
5.906733260263434 6.74999999999993
2.44263164512577 4.749999999999781
8.500000000000002 11.267949192431121
6.339745962155645 6.999999999999948
2.0096189432335616 4.499999999999763
7.638784067832227 8.749999999999996
8.749999999999998 12.56698729810778
0.5995519461476948 4.249999718850913
7.2057713659400315 7.999999999999987
4.607695154586832 5.499999999999875
4.17468245269462 5.249999999999856
8.416666666666666 10.412286759728529
5.04070785647904 5.749999999999894
3.7416697508024095 4.999999999999841
8.749999999999998 11.70096189432334
6.7727586640478545 7.249999999999969
5.473720558371247 5.999999999999914
3.3086570489102023 4.749999999999817
1.576606241341354 4.249999999999742
8.25 9.56698729810778
5.906733260263454 6.249999999999928
2.8756443470179915 4.499999999999803
7.638784067832244 8.249999999999998
0.0 4.0
9.0 13.0
8.749999999999998 10.834936490538903
8.5 10.0
8.118029409319348 9.023730188102887
8.999999999999998 12.13397459621556
7.205771365940059 7.499999999999989
1.1435935394491445 3.9999999999997238
6.339745962155667 6.4999999999999485
2.442631645125794 4.249999999999769
8.999999999999996 11.267949192431123
6.772758664047877 6.749999999999968
2.0096189432335856 3.999999999999761
4.60769515458685 4.999999999999881
8.071796769724457 8.50000000000001
5.040707856479061 5.249999999999894
4.174682452694646 4.749999999999856
9.249999999999998 12.56698729810778
7.638784067832255 7.749999999999998
0.5995437604310081 3.7499983131063184
5.473720558371271 5.499999999999914
3.7416697508024352 4.4999999999998375
9.25 11.700961894323342
5.906733260263476 5.749999999999929
3.30865704891023 4.24999999999981
8.54045011767177 9.163397459621576
8.999999999999998 10.401923788646684
7.205771365940086 6.999999999999989
1.5766062413413762 3.749999999999743
6.339745962155693 5.999999999999948
2.875644347018025 3.999999999999789
9.0 10.0
8.07179676972447 8.000000000000009
0.0 3.5
9.5 13.0
9.25 10.834936490538903
8.50480947161667 8.75000000000002
9.499999999999998 12.13397459621556
7.638784067832281 7.250000000000001
6.7727586640479025 6.249999999999968
2.4426316451258185 3.749999999999771
1.1435935394491685 3.4999999999997233
8.937822173508868 9.500000000000037
9.499999999999998 11.267949192431123
5.0407078564790755 4.749999999999893
4.60769515458688 4.499999999999883
5.473720558371289 4.999999999999907
4.174682452694675 4.249999999999857
7.205771365940109 6.4999999999999885
2.00961894323361 3.4999999999997553
8.50480947161668 8.250000000000021
5.906733260263517 5.249999999999906
3.7416697508024663 3.9999999999998366
9.749999999999998 12.566987298107781
8.071796769724488 7.500000000000026
0.5994946461308168 3.249989878638757
8.93782217350888 9.000000000000036
6.339745962155714 5.4999999999999485
3.308657048910258 3.749999999999816
9.749999999999998 11.700961894323342
7.63878406783231 6.750000000000004
1.5766062413413962 3.24999999999974
6.77275866404792 5.749999999999971
9.586111111111112 10.428617914397112
2.875644347018052 3.4999999999997975
9.5 10.0
9.75 10.834936490538905
8.504809471616698 7.750000000000033
10.0 13.0
0.0 3.0
8.937822173508899 8.500000000000034
10.0 12.133974596215563
7.205771365940124 5.999999999999989
2.44263164512584 3.2499999999997766
8.071796769724513 7.000000000000026
1.1435935394491872 2.999999999999723
9.392362396167584 9.291666666666705
5.040707856479124 4.249999999999859
5.473720558371322 4.499999999999898
4.607695154586879 3.9999999999999285
5.906733260263547 4.749999999999905
4.1746824526946975 3.7499999999998552
10.0 11.267949192431125
7.638784067832335 6.250000000000003
2.009618943233625 2.999999999999754
6.3397459621557495 4.99999999999993
3.7416697508024894 3.4999999999998366
8.93782217350891 8.00000000000004
10.25 12.566987298107781
8.504809471616719 7.250000000000051
0.5991999603296123 2.749939271833392
9.370834875401108 8.75000000000005
6.7727586640479505 5.249999999999952
3.3086570489102822 3.249999999999817
10.016666666666666 10.499910716658189
10.25 11.700961894323342
8.071796769724541 6.5000000000000275
1.5766062413414135 2.7499999999997407
9.787364891718688 9.536904761904792
7.205771365940157 5.499999999999979
2.8756443470180724 2.9999999999997984
10.0 10.0
10.25 10.834936490538905
8.93782217350892 7.50000000000004
10.5 13.0
0.0 2.5
9.370834875401128 8.25000000000005
7.638784067832363 5.7500000000000036
5.473720558371365 3.9999999999998925
5.040707856479074 3.749999999999911
10.499999999999996 12.133974596215563
2.4426316451258616 2.7499999999997757
8.504809471616747 6.75000000000005
5.906733260263578 4.249999999999916
4.607695154586852 3.499999999999765
1.1435935394492045 2.499999999999723
9.803847577293322 9.00000000000006
6.339745962155781 4.499999999999932
4.17468245269472 3.249999999999856
10.499999999999996 11.267949192431125
6.772758664047981 4.749999999999953
3.7416697508025116 2.9999999999998357
8.07179676972457 6.000000000000027
2.0096189432336553 2.499999999999756
9.370834875401131 7.75000000000005
10.75 12.566987298107781
8.937822173508954 7.000000000000075
7.205771365940187 4.999999999999978
0.5974318455223218 2.249635631001205
3.308657048910303 2.7499999999998166
9.803847577293336 8.50000000000007
10.499999999999996 10.401923788646684
10.75 11.700961894323342
10.240614485132534 9.392857142857187
8.504809471616774 6.2500000000000515
1.576606241341434 2.2499999999997407
7.6387840678323915 5.2500000000000036
2.8756443470180937 2.499999999999797
10.5 10.0
5.473720558371221 3.499999999999681
10.75 10.834936490538905
5.906733260263599 3.749999999999916
5.040707856479069 3.2499999999996128
9.370834875401142 7.250000000000048
0.0 2.0
11.0 13.0
9.803847577293316 8.00000000000007
6.339745962155806 3.9999999999999334
4.607695154586898 2.999999999999553
8.071796769724598 5.5000000000000275
2.442631645125886 2.249999999999776
10.999999999999998 12.133974596215563
8.937822173508982 6.5000000000000755
1.143593539449225 1.9999999999997233
6.772758664048011 4.249999999999952
4.174682452694744 2.749999999999855
10.236860279185539 8.750000000000055
10.999999999999998 11.267949192431123
7.205771365940215 4.499999999999979
3.7416697508025343 2.499999999999836
8.504809471616804 5.7500000000000515
2.009618943233678 1.9999999999997558
10.669872981077773 9.500000000000068
9.803847577293357 7.500000000000058
7.638784067832422 4.750000000000001
3.3086570489103253 2.2499999999998166
11.250000000000004 12.566987298107778
9.370834875401153 6.750000000000048
0.5868231566785198 1.7478137860080758
10.236860279185546 8.250000000000052
11.249999999999998 11.700961894323344
8.937822173509009 6.000000000000076
1.5766062413414708 1.7499999999997367
8.071796769724624 5.000000000000026
2.875644347018117 1.999999999999796
10.669872981077772 9.000000000000068
5.906733260263498 3.249999999999776
5.473720558371324 2.999999999999679
11.0 10.0
6.339745962155832 3.4999999999999423
5.040707856479154 2.7499999999996154
11.25 10.927756813566454
6.772758664048038 3.7499999999999627
4.60769515458697 2.4999999999995524
11.202380952380954 10.494057044300419
9.803847577293368 7.000000000000057
11.5 13.0
0.0 1.5
10.236860279185528 7.750000000000053
8.50480947161683 5.25000000000005
2.4426316451259096 1.7499999999997757
7.205771365940243 3.999999999999977
4.174682452694764 2.2499999999998552
11.5 12.133974596215559
9.370834875401213 6.2500000000000995
1.0753660822652789 1.493591392318045
10.669872981077768 8.500000000000068
7.638784067832448 4.250000000000003
3.741669750802557 1.9999999999998355
11.5 11.267949192431125
8.937822173509037 5.500000000000077
2.0096189432337015 1.4999999999997584
11.085738069141662 9.291666666666721
8.071796769724653 4.5000000000000275
3.308657048910349 1.7499999999998161
10.236860279185585 7.250000000000067
11.75 12.56698729810778
9.803847577293377 6.500000000000056
0.5231710236156366 1.2368827160492997
10.669872981077763 8.000000000000028
11.750000000000004 11.70096189432334
5.906733260263589 2.7499999999997415
6.339745962155854 2.999999999999941
5.47372055837141 2.4999999999996785
9.370834875401243 5.750000000000101
8.504809471616857 4.750000000000054
2.8756443470181416 1.4999999999997966
1.576606241341493 1.2499999999997402
11.66666666666667 10.860769515458674
6.772758664048062 3.2499999999999614
5.0407078564792265 2.249999999999615
11.5 10.0
11.102885682969989 8.750000000000064
7.2057713659402705 3.499999999999983
4.607695154586997 1.9999999999998759
10.236860279185596 6.7500000000000675
8.937822173509064 5.000000000000076
7.6387840678324785 3.7500000000000027
4.174682452694787 1.7499999999998557
12.0 13.0
0.0 1.0
2.442631645125932 1.2499999999997768
10.669872981077729 7.500000000000021
11.750000000000004 10.433012701892217
12.0 12.13397459621556
9.803847577293448 6.000000000000125
11.535898384862211 9.500000000000064
1.045396291165332 0.9768518518516931
11.102885682969987 8.250000000000064
8.071796769724681 4.000000000000028
3.7416697508025796 1.4999999999998352
12.0 11.267949192431125
9.370834875401272 5.250000000000101
2.0096189432337233 0.9999999999997579
8.504809471616886 4.2500000000000515
3.308657048910371 1.2499999999998157
11.53589838486221 9.000000000000064
10.669872981077882 7.000000000000105
12.250000000000002 12.566987298107778
10.236860279185631 6.250000000000153
6.339745962155847 2.499999999999806
5.906733260263666 2.2499999999997407
11.102885682969982 7.749999999999977
6.7727586640480855 2.749999999999962
5.4737205583714825 1.9999999999996783
0.5170236091870017 0.6944444444443828
12.250000000000004 11.700961894323342
7.205771365940294 2.999999999999982
5.040707856479227 1.7499999999998943
8.93782217350909 4.500000000000076
2.875644347018163 0.999999999999796
9.803847577293475 5.500000000000126
12.0 10.0
11.535898384862207 8.500000000000062
12.194444444444446 10.844423480233123
7.6387840678325 3.250000000000004
4.60769515458702 1.4999999999998757
1.5277959721257992 0.6905864197529206
8.071796769724706 3.500000000000027
4.17468245269481 1.2499999999998552
9.370834875401297 4.7500000000001
2.442631645125953 0.7499999999997771
10.669872981077832 6.500000000000141
0.0 0.5
12.5 13.0
11.102885682969982 7.249999999999978
12.5 12.133974596215564
11.968911086754426 9.25000000000006
10.23686027918568 5.750000000000157
8.504809471616912 3.750000000000052
3.741669750802603 0.9999999999998349
11.5358983848622 7.99999999999998
12.5 11.267949192431127
1.0255354137805024 0.4166666666665765
9.803847577293505 5.000000000000123
2.0096189432337446 0.49999999999975764
8.937822173509117 4.000000000000076
6.339745962155923 1.9999999999998057
11.968911086754428 8.750000000000062
6.772758664048105 2.2499999999998703
5.906733260263739 1.7499999999997404
7.20577136594032 2.499999999999981
5.4737205583714585 1.4999999999999143
3.3405475407586573 0.7083333333331804
11.102885682969985 6.749999999999978
12.75 12.566987298107781
10.669872981077875 6.000000000000199
12.5 10.401923788646688
11.5358983848622 7.49999999999998
7.6387840678325265 2.750000000000004
5.0407078564792505 1.2499999999998948
12.750000000000002 11.700961894323346
9.370834875401325 4.2500000000000995
2.875644347018185 0.4999999999997965
10.236860279185727 5.250000000000157
8.071796769724735 3.0000000000000275
4.60769515458704 0.9999999999998751
12.5 10.0
11.968911086754426 8.25000000000006
12.401923788646643 9.500000000000064
12.750000000000002 10.834936490538908
8.504809471617012 3.2499999999999902
4.145568710579022 0.7083333333332135
9.803847577293531 4.500000000000123
11.102885682970074 6.250000000000207
0.0 0.0
13.0 13.0
11.535898384862202 6.99999999999998
0.5 0.0
13.000000000000004 12.133974596215564
12.401923788646647 9.000000000000064
1.0 0.0
10.669872981077923 5.500000000000198
8.937822173509206 3.5000000000000258
3.7416697508026235 0.4999999999998346
11.968911086754419 7.749999999999983
1.5 0.0
13.0 11.267949192431125
6.77275866404818 1.7499999999998694
6.339745962155996 1.4999999999998055
10.236860279185775 4.750000000000156
7.2057713659403655 1.9999999999999374
5.90673326026369 1.249999999999932
2.0 0.0
9.370834875401393 3.7500000000000853
7.638784067832552 2.250000000000003
5.47372055837148 0.9999999999999126
12.401923788646647 8.500000000000057
2.5 0.0
11.535898384862204 6.49999999999998
8.071796769724761 2.5000000000000275
5.040707856479272 0.7499999999998943
13.25 12.566987298107783
11.102885682970097 5.75000000000021
11.96891108675442 7.249999999999982
9.803847577293613 4.00000000000011
13.25 11.700961894323344
8.504809471617055 2.75000000000001
4.607695154587062 0.4999999999998749
10.669872981077969 5.000000000000197
3.0 0.0
13.0 10.0
13.104166666666668 10.414877502498992
12.401923788646636 7.999999999999985
12.862447075449072 9.291666666666721
8.937822173509257 3.0000000000000435
13.249999999999998 10.834936490538905
3.5 0.0
10.236860279185823 4.250000000000156
11.535898384862204 5.99999999999998
13.5 13.0
11.968911086754423 6.749999999999982
12.834936490538881 8.750000000000076
9.370834875401457 3.2500000000000773
13.500000000000004 12.133974596215563
11.102885682970147 5.250000000000218
6.772758664048244 1.2499999999998677
12.401923788646638 7.499999999999985
7.205771365940435 1.4999999999999194
6.339745962156054 0.9999999999998189
7.638784067832619 1.7499999999999851
4.0 0.0
13.500000000000004 11.267949192431125
10.669872981078015 4.500000000000197
8.071796769724852 1.9999999999999998
5.922277716886433 0.7083333333332301
5.473720558371502 0.49999999999991207
9.803847577293666 3.5000000000001106
12.834936490538851 8.249999999999986
8.504809471617094 2.25000000000001
13.26907380990795 9.536904761904793
11.968911086754423 6.249999999999981
13.75 12.566987298107781
4.5 0.0
11.535898384862342 5.500000000000253
12.401923788646641 6.999999999999983
8.937822173509296 2.500000000000043
10.23686027918586 3.750000000000153
13.75 11.700961894323344
13.5 10.0
11.102885682970186 4.750000000000217
13.267949192431132 9.00000000000006
12.834936490538855 7.749999999999986
13.625 10.417468245269452
9.370834875401496 2.750000000000076
13.75 10.834936490538905
5.0 0.0
10.669872981078061 4.000000000000188
11.968911086754431 5.749999999999977
7.2057713659404925 0.9999999999999191
14.0 13.0
12.401923788646643 6.499999999999981
9.803847577293697 3.0000000000001084
13.267949192431068 8.49999999999999
7.638784067832686 1.249999999999969
6.339745962155873 0.49999999999980593
14.0 12.133974596215563
11.535898384862385 5.000000000000254
8.071796769724916 1.4999999999999867
12.834936490538858 7.249999999999987
8.504809471617133 1.7500000000000093
14.0 11.267949192431125
5.5 0.0
6.7662561886058885 0.6071428571427608
11.10288568296982 4.250000000000307
10.2368602791859 3.2500000000001537
8.937822173509332 2.000000000000043
13.267949192431075 7.9999999999999885
13.714972781659542 9.392857142857176
12.401923788646647 5.999999999999982
11.968911086754433 5.249999999999977
9.370834875401535 2.2500000000000755
12.83493649053886 6.749999999999987
10.6698729810781 3.5000000000001883
14.291666666666668 12.55582274842315
14.0 10.0
6.0 0.0
11.535898384862074 4.500000000000272
13.700961894323346 8.75000000000005
13.267949192431075 7.499999999999989
9.803847577293734 2.5000000000001084
11.10288568296977 3.7500000000002194
14.402426756872542 11.712408611312227
8.071796769724973 0.9999999999999756
14.25 10.43301270189222
10.236860279185967 2.7500000000001554
7.233609041464665 0.4409432200540221
12.401923788646652 5.4999999999999805
14.5 13.0
13.700961894323292 8.249999999999991
12.834936490538864 6.249999999999985
8.504809471617172 1.2500000000000089
14.5 12.133974596215564
6.5 0.0
11.9689110867544 4.750000000000049
14.133974596215587 9.500000000000032
13.267949192431077 6.999999999999988
8.937822173509371 1.5000000000000426
7.6960176527769555 0.5975732431274285
10.669872981078152 3.0000000000002167
11.535898384862005 4.00000000000022
9.370834875401574 1.7500000000000755
14.566987298107781 11.25
13.700961894323292 7.7499999999999885
14.13397459621557 9.000000000000036
9.803847577293773 2.000000000000108
14.566987298107783 10.75
12.834936490538869 5.749999999999985
12.401923788646656 4.9999999999999805
7.0 0.0
13.26794919243108 6.4999999999999885
11.10288568297027 3.2500000000003344
14.5 10.0
11.968911086754392 4.250000000000031
14.133974596215534 8.500000000000036
10.236860279186098 2.2500000000001403
13.700961894323292 7.249999999999992
8.5404501176722 0.8366025403784579
11.535898384861976 3.5000000000001723
8.93782217350941 1.0000000000000422
10.669872981078289 2.5000000000002176
14.133974596215513 7.999999999999992
12.834936490538873 5.249999999999985
15.0 13.0
13.267949192431086 5.9999999999999885
15.0 12.5
7.5 0.0
14.555822748423155 9.291666666666679
9.37083487540161 1.250000000000076
8.25 0.43301270189221974
15.0 12.0
12.40192378864666 4.499999999999981
13.700961894323298 6.749999999999993
15.0 11.5
11.102885682970435 2.7500000000003415
9.803847577293961 1.5000000000000697
11.968911086754336 3.75000000000003
15.0 11.0
14.133974596215513 7.4999999999999964
14.566987298107772 8.750000000000005
15.0 10.5
10.236860279186184 1.7500000000001392
13.26794919243109 5.499999999999989
12.834936490538876 4.749999999999984
8.0 0.0
11.535898384862318 3.000000000000303
13.700961894323303 6.249999999999992
15.0 10.0
14.566987298107733 8.249999999999993
12.401923788646588 3.999999999999977
10.669872981078365 2.0000000000002136
14.133974596215516 6.9999999999999964
8.93782217350945 0.500000000000042
15.0 9.5
11.968911086754943 3.2500000000002043
11.102885682970545 2.2500000000002807
9.392362396168009 0.7083333333333913
14.566987298107733 7.749999999999995
13.267949192431095 4.999999999999989
9.803847577293844 1.0000000000000422
13.700961894323306 5.749999999999993
15.0 9.0
8.5 0.0
12.834936490538881 4.249999999999984
14.133974596215522 6.499999999999997
10.236860279186269 1.2500000000001394
11.535898384863236 2.5000000000003286
12.401923788647586 3.4999999999999107
15.0 8.5
14.566987298107737 7.250000000000001
10.669872981078443 1.5000000000002134
13.700961894323312 5.249999999999992
13.267949192431098 4.4999999999999885
11.968911086755694 2.749999999999903
14.133974596215525 5.999999999999996
11.102885682970623 1.7500000000002798
15.0 8.0
9.0 0.0
12.834936490538883 3.749999999999985
14.56698729810774 6.749999999999999
9.78736489171892 0.4630952380952852
12.401923788647888 2.999999999999689
11.535898384862803 2.0000000000003473
15.0 7.5
13.700961894323315 4.749999999999993
14.13397459621553 5.499999999999996
13.2679491924311 3.9999999999999893
14.566987298107742 6.249999999999999
10.669872981077734 1.0000000000003222
10.240614485132738 0.6071428571429887
11.968911086755188 2.249999999999908
9.5 0.0
12.834936490539958 3.2500000000000613
15.0 7.0
11.102885682970026 1.2499999999999796
14.133974596215534 4.999999999999996
12.401923788647265 2.4999999999998175
13.70096189432332 4.249999999999993
14.566987298107748 5.750000000000001
11.535898384862243 1.4999999999999818
13.267949192431107 3.4999999999999876
15.0 6.5
10.0 0.0
12.834936490539796 2.7499999999992144
11.96891108675446 1.7499999999999831
10.669872981077578 0.5000000000002631
14.133974596215538 4.499999999999995
14.566987298107776 5.249999999999992
13.700961894323326 3.749999999999992
11.085738069141637 0.7083333333334214
15.0 6.0
12.401923788646679 1.9999999999999853
13.26794919243111 2.999999999999988
11.535898384862245 0.9999999999999815
10.5 0.0
14.566987298107787 4.749999999999993
12.834936490538896 2.2499999999999876
14.133974596215541 3.9999999999999956
15.0 5.5
11.968911086754462 1.2499999999999836
13.700961894323328 3.2499999999999925
12.40192378864668 1.4999999999999845
13.267949192431116 2.499999999999992
14.566987298107787 4.249999999999995
15.0 5.0
11.535898384862247 0.4999999999999818
11.0 0.0
14.133974596215548 3.4999999999999964
11.938526329025128 0.83660254037843
12.834936490538897 1.7499999999999867
13.700961894323331 2.7499999999999916
13.267949192431118 1.9999999999999918
15.0 4.5
12.363449841342211 0.9762698118971105
14.566987298107787 3.749999999999995
14.133974596215552 2.999999999999997
11.5 0.0
12.834936490538901 1.2499999999999871
13.700961894323337 2.2499999999999925
15.0 4.0
14.566987298107783 3.2500000000000018
12.249999999999996 0.43301270189221974
13.26794919243112 1.4999999999999867
14.133974596215555 2.4999999999999964
12.0 0.0
13.700961894323337 1.7499999999999911
15.0 3.5
14.566987298107772 2.75
12.786401353088099 0.5880036291120568
13.267949192431125 0.9999999999999866
14.133974596215559 1.999999999999996
15.0 3.0
12.5 0.0
13.700961894323342 1.2499999999999907
14.56698729810778 2.249999999999999
14.133974596215559 1.4999999999999942
13.253351831366288 0.4371153744478994
15.0 2.5
13.0 0.0
14.56698729810778 1.7499999999999987
13.71240861131223 0.5975732431274551
14.133974596215563 0.9999999999999938
15.0 2.0
14.56698729810778 1.2499999999999987
13.5 0.0
14.133974596215568 0.49999999999999345
15.0 1.5
14.555822748423154 0.7083333333333307
14.0 0.0
15.0 1.0
14.5 0.0
15.0 0.5
15.0 0.0
$$STARTELEMCON
605 608 563
909 906 903
263 236 257
434 477 458
903 906 899
909 903 907
257 236 230
458 477 498
899 906 902
907 903 901
230 236 209
498 477 520
901 903 895
907 901 905
498 520 545
895 903 899
905 901 900
907 905 910
545 520 563
895 899 890
900 901 893
545 563 608
890 899 894
893 901 895
900 893 889
894 899 902
890 894 883
893 895 885
889 893 882
894 902 897
883 894 887
885 895 890
882 893 885
894 897 887
885 890 878
887 897 891
878 890 883
885 878 871
887 891 880
878 883 870
871 878 862
885 871 882
880 891 886
870 883 875
862 878 870
882 871 869
875 883 887
870 875 860
869 871 856
882 869 877
860 875 867
870 860 852
856 871 862
877 869 861
867 875 880
852 860 840
861 869 851
877 861 873
880 875 887
840 860 848
851 869 856
873 861 859
848 860 867
840 848 826
859 861 844
873 859 868
826 848 837
840 826 818
844 861 851
868 859 853
837 848 857
818 826 803
853 859 839
868 853 865
857 848 867
803 826 812
839 859 844
865 853 849
812 826 837
803 812 783
849 853 834
865 849 866
783 812 798
803 783 771
834 853 839
798 812 824
783 798 762
771 783 748
824 812 837
798 824 811
762 798 782
748 783 762
811 824 835
798 811 782
748 762 727
835 824 846
782 811 800
727 762 747
748 727 710
800 811 825
727 747 709
710 727 688
825 811 835
709 747 730
688 727 709
730 747 764
709 730 691
764 747 782
730 764 750
691 730 712
782 747 762
750 764 786
712 730 750
786 764 800
800 764 782
786 800 814
814 800 825
786 814 804
804 814 827
786 804 772
827 814 838
772 804 791
838 814 825
791 804 819
772 791 756
819 804 827
791 819 809
756 791 778
819 827 841
809 819 833
778 791 809
841 827 850
833 819 841
850 827 838
850 838 858
858 838 847
858 847 864
864 847 855
855 847 835
864 855 872
835 847 825
872 855 863
825 847 838
872 863 879
879 863 874
874 863 857
857 863 846
874 857 867
846 863 855
874 867 880
874 880 886
874 886 879
846 824 837
846 837 857
750 786 772
750 772 736
736 772 756
750 736 712
712 736 699
699 736 719
719 736 756
699 719 682
682 719 707
699 682 657
707 719 743
657 682 643
699 657 675
743 719 756
643 682 668
675 657 634
743 756 778
668 682 707
634 657 615
675 634 651
668 707 693
615 657 643
651 634 607
675 651 691
693 707 729
607 634 588
651 607 629
729 707 743
607 588 565
629 607 584
729 743 761
565 588 542
584 607 565
761 743 778
542 588 571
761 778 797
571 588 615
797 778 809
761 797 788
615 588 634
797 809 823
788 797 816
823 809 833
816 797 823
788 816 808
788 808 779
779 808 801
788 779 754
779 801 767
754 779 744
767 801 793
744 779 767
767 793 752
744 767 735
735 767 752
744 735 708
708 715 679
744 708 718
718 708 681
744 718 754
681 708 670
754 718 729
670 708 679
729 718 693
693 718 681
693 681 652
652 681 644
693 652 668
644 681 670
668 652 627
644 670 641
627 652 610
610 652 644
627 610 578
578 610 567
627 578 598
567 610 599
598 578 553
599 610 644
553 578 536
536 578 567
553 536 512
512 536 492
553 512 528
492 536 526
528 512 486
553 528 571
526 536 567
486 512 465
571 528 542
526 567 552
465 512 492
542 528 499
465 492 452
499 528 486
542 499 522
452 492 468
499 486 459
522 499 478
459 486 446
499 459 478
446 486 465
478 459 436
446 465 423
436 459 420
423 465 452
446 423 406
420 459 446
406 423 388
446 406 420
388 423 391
420 406 381
381 406 366
420 381 396
366 406 388
381 366 346
396 381 360
366 388 355
346 366 332
360 381 346
332 366 355
346 332 315
360 346 326
315 332 286
346 315 326
326 315 294
294 286 257
326 294 304
304 294 272
326 304 340
272 294 257
304 272 289
340 304 322
289 272 256
304 289 322
256 272 241
322 289 308
241 272 257
256 241 227
308 289 275
227 241 212
256 227 246
275 289 256
212 241 230
246 227 218
275 256 246
218 227 197
246 218 235
197 227 212
218 197 190
235 218 207
190 197 172
218 190 207
172 197 187
207 190 178
187 197 212
172 187 160
178 190 165
187 212 183
165 190 172
178 165 153
165 172 148
153 165 142
178 153 170
148 172 160
142 165 148
170 153 146
142 148 121
146 153 130
170 146 166
130 153 142
146 130 125
166 146 143
125 130 109
146 125 143
109 130 118
143 125 122
118 130 142
109 118 90
122 125 105
118 142 121
105 125 109
122 105 101
105 109 95
101 105 88
122 101 119
95 109 90
88 105 95
119 101 99
88 95 78
99 101 84
119 99 116
84 101 88
99 84 83
116 99 100
83 84 68
99 83 100
68 84 73
100 83 85
73 84 88
68 73 54
85 83 69
73 88 78
69 83 68
85 69 74
69 68 59
74 69 58
85 74 92
59 68 54
58 69 59
92 74 79
58 59 42
79 74 63
92 79 96
63 74 58
79 63 66
96 79 82
66 63 47
79 66 82
47 63 50
82 66 71
50 63 58
47 36 34
50 58 42
691 651 671
671 651 629
691 671 709
671 629 649
709 671 688
671 649 688
668 627 643
643 627 598
643 598 615
615 598 571
571 598 553
92 96 106
106 96 111
92 106 102
111 96 98
106 111 126
102 106 123
98 96 82
106 126 123
98 82 91
123 126 144
144 126 147
123 144 138
147 126 131
144 147 167
138 144 161
131 126 111
167 147 171
161 144 167
171 147 154
167 171 192
154 147 131
171 154 180
192 171 196
180 154 164
171 180 196
164 154 141
196 180 208
141 154 131
164 141 149
208 180 189
189 180 164
208 189 217
189 164 174
217 189 198
92 102 85
85 102 100
100 102 120
120 102 123
100 120 116
120 123 138
116 120 135
135 120 138
116 135 134
134 135 156
116 134 119
156 135 158
119 134 137
158 135 138
156 158 177
137 134 157
177 158 182
156 177 176
157 134 156
182 158 161
176 177 200
157 156 176
161 158 138
200 177 202
202 177 182
200 202 224
202 182 206
224 202 226
206 182 185
226 202 206
185 182 161
206 185 211
185 161 167
211 185 192
185 167 192
131 111 117
117 111 98
131 117 141
117 98 108
141 117 128
196 208 222
222 208 237
196 222 216
237 208 217
216 222 243
196 216 192
243 222 253
216 243 239
192 216 211
243 253 271
239 243 268
211 216 239
271 253 285
268 243 271
285 253 266
271 285 302
266 253 237
285 266 297
302 285 318
237 253 222
297 266 274
318 285 297
274 266 245
297 274 309
318 297 331
245 266 237
309 274 290
331 297 309
245 237 217
331 309 345
245 217 228
345 309 323
119 137 122
122 137 143
143 137 159
159 137 157
143 159 166
159 157 181
166 159 184
181 157 176
184 159 181
184 181 204
204 181 201
201 181 176
204 201 225
225 201 223
204 225 231
223 201 200
231 225 254
204 231 210
200 201 176
254 225 250
210 231 238
250 225 223
254 250 279
238 231 258
279 250 276
254 279 283
258 231 254
276 250 249
283 279 310
258 254 283
249 250 223
310 279 305
249 223 224
305 279 276
224 223 200
249 224 251
251 224 226
249 251 277
251 226 255
277 251 280
255 226 232
280 251 255
232 226 206
255 232 261
232 206 211
261 232 239
232 211 239
274 245 259
166 184 191
191 184 210
166 191 170
210 184 204
170 191 195
195 191 214
170 195 178
214 191 210
178 195 207
214 210 238
207 195 221
214 238 242
221 195 214
242 238 267
214 242 221
267 238 258
221 242 252
267 258 287
252 242 270
221 252 235
287 258 283
270 242 267
235 252 265
287 283 313
265 252 282
235 265 246
313 283 310
282 252 270
246 265 275
282 270 301
275 265 296
301 270 298
296 265 282
275 296 308
298 270 267
296 282 317
308 296 328
298 267 287
317 282 301
328 296 317
317 301 338
328 317 350
338 301 329
350 317 338
328 350 364
329 301 298
364 350 386
328 364 344
329 298 319
386 350 373
344 364 379
319 298 287
373 350 338
379 364 402
373 338 362
402 364 386
379 402 416
362 338 329
402 386 424
416 402 442
362 329 352
424 386 412
442 402 424
352 329 319
412 386 373
352 319 347
412 373 397
347 319 313
397 373 362
412 397 439
313 319 287
439 397 426
412 439 450
426 397 389
450 439 479
412 450 424
389 397 362
479 439 463
424 450 461
463 439 426
461 450 490
424 461 442
490 450 479
461 490 504
442 461 484
504 490 532
461 504 484
532 490 516
484 504 525
516 490 479
532 516 560
525 504 551
560 516 549
532 560 574
551 504 532
549 516 505
574 560 603
551 532 574
505 516 479
603 560 592
505 479 463
592 560 549
505 463 493
592 549 576
493 463 454
576 549 534
454 463 426
493 454 487
534 549 505
454 426 417
487 454 448
534 505 493
417 426 389
448 454 417
534 493 529
417 389 382
529 493 487
534 529 569
382 389 352
529 487 517
569 529 558
352 389 362
517 487 481
558 529 517
481 487 448
558 517 555
481 448 444
555 517 513
558 555 595
444 448 410
513 517 481
595 555 589
410 448 417
589 555 547
595 589 630
410 417 382
547 555 513
630 589 625
547 513 509
625 589 581
509 513 472
547 509 543
581 589 547
472 513 481
543 509 502
581 547 543
472 481 444
502 509 469
472 444 437
469 509 472
437 444 407
472 437 469
407 444 410
469 437 431
407 410 375
431 437 403
375 410 382
407 375 370
403 437 407
375 382 347
370 375 341
403 407 370
347 382 352
341 375 347
341 347 313
341 313 310
341 310 336
336 310 305
341 336 370
336 305 334
370 336 368
334 305 303
368 336 334
370 368 403
303 305 276
403 368 398
303 276 277
398 368 367
277 276 249
303 277 306
367 368 334
306 277 280
303 306 335
367 334 335
306 280 311
335 306 337
335 334 303
311 280 284
337 306 311
284 280 255
337 311 342
284 255 261
342 311 314
337 342 371
284 261 288
314 311 284
371 342 376
288 261 268
376 342 348
371 376 408
268 261 239
348 342 314
408 376 411
348 314 320
411 376 383
408 411 445
320 314 288
383 376 348
445 411 449
288 314 284
449 411 419
445 449 482
419 411 383
449 419 455
482 449 488
419 383 390
455 419 427
488 449 455
390 383 354
427 419 390
488 455 494
354 383 348
494 455 464
488 494 530
354 348 320
464 455 427
530 494 535
354 320 330
464 427 440
535 494 506
330 320 299
440 427 401
506 494 464
299 320 288
401 427 390
506 464 480
299 288 268
401 390 363
480 464 440
299 268 271
363 390 354
480 440 451
299 271 302
363 354 330
451 440 413
299 302 330
363 330 339
413 440 401
330 302 339
339 302 318
339 318 351
351 318 331
339 351 374
351 331 365
374 351 387
365 331 345
351 365 387
387 365 405
405 365 380
387 405 425
380 365 345
405 380 418
425 405 443
380 345 359
418 380 395
443 405 418
443 418 458
207 221 235
308 328 344
308 344 322
322 344 357
322 357 340
340 357 377
340 377 360
360 377 396
396 377 414
414 377 393
393 377 357
414 393 433
433 393 416
414 433 453
416 393 379
453 433 475
379 393 357
475 433 457
453 475 495
457 433 416
475 457 497
495 475 515
457 416 442
497 457 484
515 475 497
484 457 442
497 484 525
497 525 539
539 525 568
497 539 515
568 525 551
539 568 586
515 539 562
586 568 612
539 586 562
612 568 594
562 586 604
594 568 551
612 594 639
604 586 633
594 551 574
639 594 620
633 586 612
620 594 574
639 620 663
633 612 655
620 574 603
663 620 648
655 612 639
620 603 648
648 603 635
635 603 592
648 635 677
635 592 624
677 635 667
648 677 687
624 592 576
667 635 624
687 677 713
667 624 653
713 677 705
653 624 613
667 653 692
705 677 667
613 624 576
692 653 684
705 667 692
684 653 645
692 684 720
645 653 613
684 645 676
720 684 711
645 613 601
676 645 637
711 684 676
720 711 745
601 613 569
637 645 601
711 676 706
745 711 741
569 613 576
637 601 595
706 676 669
741 711 706
595 601 558
637 595 630
669 676 637
741 706 737
558 601 569
637 630 669
737 706 700
741 737 768
669 630 664
700 706 669
768 737 759
664 630 625
669 664 700
759 737 731
664 625 660
700 664 698
731 737 700
759 731 757
660 625 621
698 664 660
757 731 723
759 757 792
621 625 581
698 660 694
723 731 698
792 769 802
694 660 658
698 694 723
698 731 700
658 660 621
694 658 689
723 694 738
658 621 618
689 658 656
694 689 738
618 621 579
656 658 618
738 689 726
579 621 581
618 579 577
726 689 703
738 726 766
577 579 540
618 577 619
703 689 656
540 579 543
577 540 541
619 577 580
703 656 659
543 579 581
541 540 501
580 577 541
659 656 619
501 540 502
580 541 544
619 656 618
502 540 543
501 502 466
544 541 503
466 502 469
501 466 467
503 541 501
544 503 510
466 469 431
467 466 429
503 501 467
510 503 470
466 431 429
470 503 467
510 470 473
429 431 398
470 467 432
473 470 438
398 431 403
429 398 399
432 467 429
438 470 432
399 398 367
429 399 432
399 367 369
432 399 404
369 367 335
399 369 404
369 335 337
404 369 371
369 337 371
530 535 570
570 535 583
530 570 559
583 535 550
570 583 614
559 570 602
550 535 506
614 583 647
602 570 614
559 602 596
602 614 661
596 602 638
559 596 556
638 602 661
596 638 631
556 596 590
631 638 686
596 631 590
556 590 548
590 631 626
548 590 582
556 548 514
626 631 666
590 626 582
514 548 510
666 631 686
582 626 622
510 548 544
514 510 473
622 626 665
582 622 580
544 548 582
514 473 482
665 626 666
580 622 619
544 582 580
482 473 445
665 666 716
619 622 659
445 473 438
659 622 665
445 438 408
659 665 695
408 438 404
695 665 716
659 695 703
404 438 432
703 733 749
414 453 436
436 453 478
414 436 396
478 453 495
396 436 420
633 655 674
674 655 697
633 674 649
697 655 680
649 674 688
680 655 639
688 674 710
710 674 697
710 697 734
734 697 717
710 734 748
717 697 680
748 734 771
771 734 753
753 734 717
771 753 789
753 717 740
789 753 776
740 717 704
753 740 776
704 717 680
776 740 758
704 680 663
758 740 721
663 680 639
704 663 687
721 740 704
687 663 648
721 704 687
721 687 713
721 713 751
751 713 739
721 751 758
739 713 705
751 739 774
758 751 785
739 705 725
774 739 760
785 751 774
725 705 692
760 739 725
725 692 720
760 725 755
725 720 755
760 755 790
755 720 745
790 755 781
760 790 795
755 745 781
795 790 815
781 745 775
815 790 810
795 815 822
775 745 741
810 790 781
822 815 839
775 741 768
810 781 805
839 815 834
775 768 799
805 781 775
834 815 810
799 768 796
805 775 799
834 810 828
796 768 759
828 810 805
834 828 849
828 805 829
849 828 845
829 805 799
828 829 845
829 799 820
845 829 854
820 799 796
829 820 842
820 796 831
530 559 518
518 559 556
530 518 488
518 556 514
488 518 482
518 514 482
633 649 604
604 649 629
604 629 584
604 584 562
562 584 537
537 584 565
562 537 515
537 565 522
515 537 495
522 565 542
495 537 522
495 522 478
822 839 844
822 844 830
830 844 851
822 830 806
830 851 836
806 830 813
836 851 856
813 830 836
806 813 785
813 836 821
785 813 794
821 836 843
813 821 794
843 836 856
794 821 807
843 856 862
807 821 832
794 807 776
843 862 852
832 821 843
776 807 789
852 862 870
832 843 852
789 807 818
818 807 832
789 818 803
818 832 840
840 832 852
784 802 769
769 792 757
769 757 723
784 769 738
326 340 360
32 43 34
583 550 593
593 550 561
583 593 647
561 550 521
593 561 628
521 550 506
561 521 533
521 506 480
533 521 491
561 533 575
521 480 491
533 491 507
561 575 628
491 480 451
533 507 557
491 451 462
557 507 527
533 557 575
462 451 425
527 507 485
557 527 573
575 557 616
462 425 443
485 507 462
573 527 545
462 443 485
462 507 491
485 443 458
425 451 413
425 413 387
387 413 374
374 413 401
374 401 363
374 363 339
527 485 498
661 673 638
90 78 95
691 712 675
675 712 699
458 498 485
408 404 371
884 892 881
881 892 888
884 881 865
888 892 898
881 888 873
888 898 896
896 898 904
888 896 889
896 904 900
174 198 189
552 511 526
868 865 881
868 881 873
623 628 575
623 575 616
434 458 418
160 140 148
754 729 761
754 761 788
66 47 57
842 854 829
91 108 98
715 708 735
759 792 796
796 792 831
716 733 695
46 42 59
46 59 54
882 877 889
889 877 888
795 822 806
795 806 774
774 806 785
795 774 760
908 910 905
290 323 309
391 355 388
611 616 573
723 738 769
209 183 212
817 831 792
57 71 66
787 752 793
877 873 888
686 702 666
64 54 73
423 428 391
794 776 758
794 758 785
228 259 245
468 428 452
803 771 789
640 647 593
121 103 118
909 907 911
911 907 910
866 876 865
128 149 141
344 379 357
641 599 644
749 766 726
557 573 616
36 47 50
912 911 910
359 395 380
321 293 332
835 846 855
611 573 608
573 545 608
900 889 896
230 209 212
534 569 576
802 817 792
43 57 47
673 686 638
78 64 73
498 545 527
492 526 468
198 228 217
511 468 526
849 845 866
628 640 593
140 121 148
726 703 749
905 900 908
854 866 845
108 128 117
679 641 670
733 703 695
42 36 50
567 599 552
323 359 345
355 321 332
263 257 286
286 294 315
286 332 293
263 286 293
183 160 187
831 842 820
71 91 82
752 715 735
702 716 666
599 641 597
904 908 900
259 290 274
428 423 452
647 661 614
103 90 118
257 230 241
876 884 865
149 174 164
597 552 599
766 784 738
395 434 418
34 43 47
17 25 18
36 42 30
31 23 37
30 42 37
36 30 27
27 30 20
36 27 34
34 27 25
32 34 25
46 37 42
20 18 27
23 20 30
27 18 25
23 30 37
787 780 752
16 12 14
468 511 474
14 12 9
16 14 22
474 511 523
9 12 7
22 14 19
523 511 552
19 14 13
22 19 28
13 14 9
19 13 21
28 19 26
13 9 8
21 13 15
26 19 21
8 9 4
15 13 8
26 21 31
4 9 7
4 7 2
4 2 3
358 324 343
343 324 307
358 343 378
307 324 291
378 343 361
358 378 394
361 343 327
378 361 400
394 378 415
361 327 349
400 361 385
415 378 400
349 327 312
385 361 349
312 327 295
349 312 333
295 327 307
312 295 281
333 312 300
307 327 343
281 295 264
300 312 281
264 295 273
281 264 248
273 295 307
264 273 244
248 264 233
273 307 291
244 273 260
233 264 244
260 273 291
244 260 229
244 229 215
215 229 199
244 215 233
215 199 188
233 215 203
188 199 173
203 215 188
233 203 220
203 188 175
220 203 194
175 188 163
203 175 194
163 188 173
194 175 168
163 173 150
168 175 152
163 150 139
152 175 163
168 152 145
139 150 127
152 163 139
145 152 129
152 139 129
145 129 124
129 139 114
124 129 110
145 124 136
114 139 127
110 129 114
136 124 115
110 114 97
115 124 104
97 114 107
110 97 93
104 124 110
107 114 127
93 97 81
104 110 93
81 97 89
89 97 107
81 89 72
81 72 67
67 72 56
81 67 70
67 56 53
70 67 55
53 56 44
55 67 53
53 44 40
55 53 45
40 44 33
53 40 45
40 33 29
45 40 35
29 33 24
40 29 35
29 24 22
35 29 28
22 24 16
29 22 28
64 78 62
62 78 76
64 62 52
76 78 90
52 62 49
64 52 54
49 62 60
52 49 41
54 52 37
49 60 48
41 49 38
48 60 61
49 48 38
61 60 75
38 48 39
75 60 76
61 75 77
39 48 51
76 60 62
77 75 87
51 48 61
87 75 86
51 61 65
86 75 76
65 61 77
51 65 55
55 65 70
65 77 80
80 77 94
65 80 70
70 80 93
94 77 87
80 94 104
70 93 81
400 385 422
422 385 409
400 422 441
409 385 372
422 409 447
441 422 460
372 385 349
447 409 430
460 422 447
372 349 333
430 409 392
460 447 489
372 333 356
392 409 372
489 447 471
356 333 325
471 447 430
489 471 508
325 333 300
471 430 474
471 474 508
325 300 292
292 300 269
325 292 316
269 300 281
292 269 262
316 292 278
269 281 248
262 269 240
278 292 262
240 269 248
262 240 234
240 248 220
234 240 213
220 248 233
240 220 213
213 220 194
213 194 186
186 194 168
213 186 205
186 168 162
205 186 179
213 205 234
162 168 145
179 186 162
234 205 219
162 145 136
219 205 193
234 219 247
162 136 155
193 205 179
247 219 236
236 219 209
155 136 132
193 179 169
132 136 115
155 132 151
169 179 155
132 115 113
151 132 133
155 179 162
113 115 94
133 132 113
133 113 112
112 113 87
133 112 140
133 140 160
38 26 31
38 31 41
430 392 421
421 392 384
430 421 474
384 392 356
356 392 372
384 356 353
353 356 325
384 353 391
384 391 421
353 325 316
353 316 355
353 355 391
193 169 183
183 169 160
690 650 672
672 650 632
690 672 714
632 650 606
672 632 654
714 672 696
632 606 585
672 654 696
585 606 564
696 654 678
585 564 538
678 654 636
696 678 722
538 564 519
636 654 609
722 678 701
609 654 632
636 609 591
701 678 662
609 632 585
591 609 566
662 678 636
609 585 566
566 585 538
566 538 524
524 538 496
566 524 546
496 538 519
524 496 483
546 524 500
483 496 456
524 483 500
456 496 476
500 483 460
476 496 519
456 476 435
460 483 441
456 435 415
441 483 456
415 435 394
441 456 415
441 415 400
690 714 728
728 714 765
696 722 732
732 722 770
696 732 714
714 732 765
636 591 617
617 591 572
636 617 662
572 591 546
617 572 600
662 617 646
546 591 566
600 572 554
662 646 685
554 572 531
600 554 587
685 646 683
531 572 546
587 554 523
683 646 642
642 646 600
683 642 679
683 679 715
600 646 617
642 600 587
642 587 641
642 641 679
531 546 500
531 500 489
489 500 460
531 489 508
531 508 554
554 508 523
523 508 474
17 18 11
8 4 5
5 4 3
8 5 10
10 6 11
8 10 15
15 10 20
316 278 293
293 278 263
770 765 732
1 3 2
121 140 112
121 112 103
219 193 209
209 193 183
31 37 41
28 26 39
321 355 316
321 316 293
38 39 26
777 773 742
742 773 722
777 742 746
746 742 701
777 746 780
780 746 752
552 597 587
587 597 641
90 103 86
86 103 112
90 86 76
234 247 262
262 247 278
278 247 263
263 247 236
701 662 685
701 685 746
20 23 15
55 45 51
51 45 39
763 728 765
6 10 5
715 752 724
724 752 746
724 746 685
715 724 683
155 151 169
169 151 160
160 151 133
46 54 37
21 15 23
391 428 421
421 428 468
35 28 39
35 39 45
523 552 587
52 41 37
722 701 742
18 20 10
3 6 5
115 104 94
773 770 722
23 31 21
87 86 112
685 683 724
468 474 421
104 93 80
94 87 113
11 18 10
$$START_FIXITY_SURFACE_SOLID
0
$$START_FIXITY_SURFACE_LIQUID
0
$$START_FIXITY_SURFACE_GAS
0
$$START_FIXITY_LINE_SOLID
116
1 0 1
1 1 0
2 0 1
3 1 0
6 1 0
7 0 1
11 1 0
12 0 1
16 0 1
17 1 0
24 0 1
25 1 0
32 1 0
33 0 1
43 1 0
44 0 1
56 0 1
57 1 0
71 1 0
72 0 1
89 0 1
91 1 0
107 0 1
108 1 0
127 0 1
128 1 0
149 1 0
150 0 1
173 0 1
174 1 0
198 1 0
199 0 1
228 1 0
229 0 1
259 1 0
260 0 1
290 1 0
291 0 1
323 1 0
324 0 1
358 0 1
359 1 0
394 0 1
395 1 0
434 1 0
435 0 1
476 0 1
477 1 0
519 0 1
520 1 0
563 1 0
564 0 1
605 1 1
605 1 0
606 0 1
608 1 1
611 1 1
616 1 1
623 1 1
628 1 1
640 1 1
647 1 1
650 0 1
661 1 1
673 1 1
686 1 1
690 0 1
702 1 1
716 1 1
728 0 1
733 1 1
749 1 1
763 1 0
763 0 1
765 1 0
766 1 1
770 1 0
773 1 0
777 1 0
780 1 0
784 1 1
787 1 0
793 1 0
801 1 0
802 1 1
808 1 0
816 1 0
817 1 1
823 1 0
831 1 1
833 1 0
841 1 0
842 1 1
850 1 0
854 1 1
858 1 0
864 1 0
866 1 1
872 1 0
876 1 1
879 1 0
884 1 1
886 1 0
891 1 0
892 1 1
897 1 0
898 1 1
902 1 0
904 1 1
906 1 0
908 1 1
909 1 0
910 1 1
911 1 0
912 1 1
912 1 0
$$START_FIXITY_LINE_LIQUID
0
$$START_FIXITY_LINE_GAS
0
$$START_FIXITY_POINT_SOLID
0
$$START_FIXITY_POINT_LIQUID
0
$$START_FIXITY_POINT_GAS
0
$$START_REMOVE_FIXITY_SURFACE_SOLID
0
$$START_REMOVE_FIXITY_SURFACE_LIQUID
0
$$START_REMOVE_FIXITY_SURFACE_GAS
0
$$START_REMOVE_FIXITY_LINE_SOLID
0
$$START_REMOVE_FIXITY_LINE_LIQUID
0
$$START_REMOVE_FIXITY_LINE_GAS
0
$$START_REMOVE_FIXITY_POINT_SOLID
0
$$START_REMOVE_FIXITY_POINT_LIQUID
0
$$START_REMOVE_FIXITY_POINT_GAS
0
$$PRESCRIBED_MATERIAL_POINT_VELOCITY_SURFACE
14
1319 0 1 0.0 -0.1
1320 0 1 0.0 -0.1
1321 0 1 0.0 -0.1
1322 0 1 0.0 -0.1
1323 0 1 0.0 -0.1
1324 0 1 0.0 -0.1
1325 0 1 0.0 -0.1
1326 0 1 0.0 -0.1
1327 0 1 0.0 -0.1
1328 0 1 0.0 -0.1
1329 0 1 0.0 -0.1
1330 0 1 0.0 -0.1
1331 0 1 0.0 -0.1
1332 0 1 0.0 -0.1
$$INITIAL_VELOCITY_MATERIAL_POINT
14
1319 0.0 -1
1320 0.0 -1
1321 0.0 -1
1322 0.0 -1
1323 0.0 -1
1324 0.0 -1
1325 0.0 -1
1326 0.0 -1
1327 0.0 -1
1328 0.0 -1
1329 0.0 -1
1330 0.0 -1
1331 0.0 -1
1332 0.0 -1
$$START_OUTPUT_REACTION_FORCES
8
"fndn_base" 377 36 34
"fndn_base" 1162 34 32
"fndn_base" 1230 46 42
"fndn_base" 1293 42 36
"fndn_base" 1320 36 42
"fndn_base" 1325 34 36
"fndn_base" 1327 32 34
"fndn_base" 1328 42 46
$$START_LOAD_ON_NODES_SOLID
4
18 17 0.0 -100 0.0 -100
31 23 0.0 -100 0.0 -100
20 18 0.0 -100 0.0 -100
23 20 0.0 -100 0.0 -100
$$START_LOAD_ON_MATERIAL_POINTS_SOLID_B
26
263 236 0.0 -100 0.0 -100
236 209 0.0 -100 0.0 -100
715 679 0.0 -100 0.0 -100
90 78 0.0 -100 0.0 -100
552 511 0.0 -100 0.0 -100
160 140 0.0 -100 0.0 -100
54 46 0.0 -100 0.0 -100
391 355 0.0 -100 0.0 -100
209 183 0.0 -100 0.0 -100
787 752 0.0 -100 0.0 -100
64 54 0.0 -100 0.0 -100
428 391 0.0 -100 0.0 -100
468 428 0.0 -100 0.0 -100
121 103 0.0 -100 0.0 -100
321 293 0.0 -100 0.0 -100
78 64 0.0 -100 0.0 -100
511 468 0.0 -100 0.0 -100
140 121 0.0 -100 0.0 -100
679 641 0.0 -100 0.0 -100
355 321 0.0 -100 0.0 -100
293 263 0.0 -100 0.0 -100
183 160 0.0 -100 0.0 -100
752 715 0.0 -100 0.0 -100
641 597 0.0 -100 0.0 -100
103 90 0.0 -100 0.0 -100
597 552 0.0 -100 0.0 -100
$$COMPRESSING_MESH_CORNER_NODES
32
605
787
912
$$MOVING_MESH_CORNER_NODES
1
32
763
787
$$MOVING_MESH_DIRECTION
y-direction
$$MOVING_MESH_REFERENCE_MATERIAL_INDEX
1
$$NUMBER_OF_MATERIALS
2
$$MATERIAL_INDEX
1
$$MATERIAL_NAME
Foundation
$$MATERIAL_TYPE
dry_material
$$POROSITY_SOLID
0.0
$$DENSITY_SOLID 
2000
$$K0_VALUE_SOLID
0.5
$$MATERIAL_MODEL_SOLID
linear_elasticity
$$YOUNG_MODULUS
50000
$$POISSON_RATIO
0.33
$$MATERIAL_INDEX
2
$$MATERIAL_NAME
Soil
$$MATERIAL_TYPE
dry_material
$$POROSITY_SOLID
0.4
$$DENSITY_SOLID 
2650
$$K0_VALUE_SOLID
0.5
$$MATERIAL_MODEL_SOLID
mohr_coulomb
$$YOUNG_MODULUS
20000
$$POISSON_RATIO
0.33
$$FRICTION_ANGLE
30
$$COHESION
0.5
$$DILATANCY_ANGLE
0.0
$$TENSILE_STRENGTH
0.0
$$STARTELMMAT
2
2
2
2
2
2
2
2
2
2
2
2
2
2
2
2
2
2
2
2
2
2
2
2
2
2
2
2
2
2
2
2
2
2
2
2
2
2
2
2
2
2
2
2
2
2
2
2
2
2
2
2
2
2
2
2
2
2
2
2
2
2
2
2
2
2
2
2
2
2
2
2
2
2
2
2
2
2
2
2
2
2
2
2
2
2
2
2
2
2
2
2
2
2
2
2
2
2
2
2
2
2
2
2
2
2
2
2
2
2
2
2
2
2
2
2
2
2
2
2
2
2
2
2
2
2
2
2
2
2
2
2
2
2
2
2
2
2
2
2
2
2
2
2
2
2
2
2
2
2
2
2
2
2
2
2
2
2
2
2
2
2
2
2
2
2
2
2
2
2
2
2
2
2
2
2
2
2
2
2
2
2
2
2
2
2
2
2
2
2
2
2
2
2
2
2
2
2
2
2
2
2
2
2
2
2
2
2
2
2
2
2
2
2
2
2
2
2
2
2
2
2
2
2
2
2
2
2
2
2
2
2
2
2
2
2
2
2
2
2
2
2
2
2
2
2
2
2
2
2
2
2
2
2
2
2
2
2
2
2
2
2
2
2
2
2
2
2
2
2
2
2
2
2
2
2
2
2
2
2
2
2
2
2
2
2
2
2
2
2
2
2
2
2
2
2
2
2
2
2
2
2
2
2
2
2
2
2
2
2
2
2
2
2
2
2
2
2
2
2
2
2
2
2
2
2
2
2
2
2
2
2
2
2
2
2
2
2
2
2
2
2
2
2
2
2
2
2
2
2
2
2
2
2
2
2
2
2
2
2
2
2
2
2
2
2
2
2
2
2
2
2
2
2
2
2
2
2
2
2
2
2
2
2
2
2
2
2
2
2
2
2
2
2
2
2
2
2
2
2
2
2
2
2
2
2
2
2
2
2
2
2
2
2
2
2
2
2
2
2
2
2
2
2
2
2
2
2
2
2
2
2
2
2
2
2
2
2
2
2
2
2
2
2
2
2
2
2
2
2
2
2
2
2
2
2
2
2
2
2
2
2
2
2
2
2
2
2
2
2
2
2
2
2
2
2
2
2
2
2
2
2
2
2
2
2
2
2
2
2
2
2
2
2
2
2
2
2
2
2
2
2
2
2
2
2
2
2
2
2
2
2
2
2
2
2
2
2
2
2
2
2
2
2
2
2
2
2
2
2
2
2
2
2
2
2
2
2
2
2
2
2
2
2
2
2
2
2
2
2
2
2
2
2
2
2
2
2
2
2
2
2
2
2
2
2
2
2
2
2
2
2
2
2
2
2
2
2
2
2
2
2
2
2
2
2
2
2
2
2
2
2
2
2
2
2
2
2
2
2
2
2
2
2
2
2
2
2
2
2
2
2
2
2
2
2
2
2
2
2
2
2
2
2
2
2
2
2
2
2
2
2
2
2
2
2
2
2
2
2
2
2
2
2
2
2
2
2
2
2
2
2
2
2
2
2
2
2
2
2
2
2
2
2
2
2
2
2
2
2
2
2
2
2
2
2
2
2
2
2
2
2
2
2
2
2
2
2
2
2
2
2
2
2
2
2
2
2
2
2
2
2
2
2
2
2
2
2
2
2
2
2
2
2
2
2
2
2
2
2
2
2
2
2
2
2
2
2
2
2
2
2
2
2
2
2
2
2
2
2
2
2
2
2
2
2
2
2
2
2
2
2
2
2
2
2
2
2
2
2
2
2
2
2
2
2
2
2
2
2
2
2
2
2
2
2
2
2
2
2
2
2
2
2
2
2
2
2
2
2
2
2
2
2
2
2
2
2
2
2
2
2
2
2
2
2
2
2
2
2
2
2
2
2
2
2
2
2
2
2
2
2
2
2
2
2
2
2
2
2
2
2
2
2
2
2
2
2
2
2
2
2
2
2
2
2
2
2
2
2
2
2
2
2
2
2
2
2
2
2
2
2
2
2
2
2
2
2
2
2
2
2
2
2
2
2
2
2
2
2
2
2
2
2
2
2
2
2
2
2
2
2
2
2
2
2
2
2
2
2
2
2
2
2
2
2
2
2
2
2
2
2
2
2
2
2
2
2
2
2
2
2
2
2
2
2
2
2
2
2
2
2
2
2
2
2
2
2
2
2
2
2
2
2
2
2
2
2
2
2
2
2
2
2
2
2
2
2
2
2
2
2
2
2
2
2
2
2
2
2
2
2
2
2
2
2
2
2
2
2
2
2
2
2
2
2
2
2
2
2
2
2
2
2
2
2
2
2
2
2
2
2
2
2
2
2
2
2
2
2
2
2
2
2
2
2
2
2
2
2
2
2
2
2
2
2
2
2
2
2
2
2
2
2
2
2
2
2
2
2
2
2
2
2
2
2
2
2
2
2
2
2
2
2
2
2
2
2
2
2
2
2
2
2
2
2
2
2
2
2
2
2
2
2
2
2
2
2
2
2
2
2
2
2
2
2
2
2
2
2
2
2
2
2
2
2
2
2
2
2
2
2
2
2
2
2
2
2
2
2
2
2
2
2
2
2
2
2
2
2
2
2
2
2
2
2
2
2
2
2
2
2
2
2
2
2
2
2
2
2
2
2
2
2
2
2
2
2
2
2
2
2
2
2
2
2
2
2
2
2
2
2
2
2
2
2
2
2
2
2
2
2
2
2
2
2
2
2
2
2
2
2
2
2
2
2
2
2
2
2
2
2
2
2
2
2
2
2
2
2
2
2
2
2
2
2
2
2
2
2
2
2
2
2
2
2
2
2
2
2
2
2
2
2
2
2
2
2
2
2
2
2
2
2
2
2
2
2
2
2
2
2
2
2
2
2
2
2
2
2
2
2
2
2
2
2
2
2
2
2
2
2
2
2
2
2
2
2
2
2
2
2
2
2
2
2
2
2
2
2
2
2
2
2
2
2
2
2
2
2
2
2
2
2
2
2
2
2
2
2
2
2
2
2
2
2
2
2
2
2
2
2
2
2
2
2
2
2
1
1
1
1
1
1
1
1
1
1
1
1
1
1
0
0
0
0
0
0
0
0
0
0
0
0
0
0
0
0
0
0
0
0
0
0
0
0
0
0
0
0
0
0
0
0
0
0
0
0
0
0
0
0
0
0
0
0
0
0
0
0
0
0
0
0
0
0
0
0
0
0
0
0
0
0
0
0
0
0
0
0
0
0
0
0
0
0
0
0
0
0
0
0
0
0
0
0
0
0
0
0
0
0
0
0
0
0
0
0
0
0
0
0
0
0
0
0
0
0
0
0
0
0
0
0
0
0
0
0
0
0
0
0
0
0
0
0
0
0
0
0
0
0
0
0
0
0
0
0
0
0
0
0
0
0
0
0
0
0
0
0
0
0
0
0
0
0
0
0
0
0
0
0
0
0
0
0
0
0
0
0
0
0
0
0
0
0
0
0
0
0
0
0
0
0
0
0
0
0
0
0
0
0
0
0
0
0
0
0
0
0
0
0
0
0
0
0
0
0
0
0
0
0
0
0
0
0
0
0
0
0
0
0
0
0
0
0
0
0
0
0
0
0
0
0
0
0
0
0
0
0
0
0
0
0
0
0
0
0
0
0
0
0
0
0
0
0
0
0
0
0
0
0
0
0
0
0
0
0
0
0
0
0
0
0
0
0
0
0
0
0
0
0
0
0
0
0
0
0
0
0
0
0
0
0
0
0
0
0
0
0
0
0
0
0
0
0
0
0
0
0
0
0
0
0
0
0
0
0
0
0
0
0
0
0
0
0
0
0
0
0
0
0
0
0
0
0
0
0
0
0
0
0
0
0
0
0
0
0
0
0
0
0
0
0
0
0
0
0
0
0
0
0
0
0
0
0
0
0
0
0
0
0
0
0
0
0
0
0
0
0
$$STARTDAMPING
0.0
0.0
0.0
0.0
0.0
0.0
0.0
0.0
0.0
0.0
0.0
0.0
0.0
0.0
0.0
0.0
0.0
0.0
0.0
0.0
0.0
0.0
0.0
0.0
0.0
0.0
0.0
0.0
0.0
0.0
0.0
0.0
0.0
0.0
0.0
0.0
0.0
0.0
0.0
0.0
0.0
0.0
0.0
0.0
0.0
0.0
0.0
0.0
0.0
0.0
0.0
0.0
0.0
0.0
0.0
0.0
0.0
0.0
0.0
0.0
0.0
0.0
0.0
0.0
0.0
0.0
0.0
0.0
0.0
0.0
0.0
0.0
0.0
0.0
0.0
0.0
0.0
0.0
0.0
0.0
0.0
0.0
0.0
0.0
0.0
0.0
0.0
0.0
0.0
0.0
0.0
0.0
0.0
0.0
0.0
0.0
0.0
0.0
0.0
0.0
0.0
0.0
0.0
0.0
0.0
0.0
0.0
0.0
0.0
0.0
0.0
0.0
0.0
0.0
0.0
0.0
0.0
0.0
0.0
0.0
0.0
0.0
0.0
0.0
0.0
0.0
0.0
0.0
0.0
0.0
0.0
0.0
0.0
0.0
0.0
0.0
0.0
0.0
0.0
0.0
0.0
0.0
0.0
0.0
0.0
0.0
0.0
0.0
0.0
0.0
0.0
0.0
0.0
0.0
0.0
0.0
0.0
0.0
0.0
0.0
0.0
0.0
0.0
0.0
0.0
0.0
0.0
0.0
0.0
0.0
0.0
0.0
0.0
0.0
0.0
0.0
0.0
0.0
0.0
0.0
0.0
0.0
0.0
0.0
0.0
0.0
0.0
0.0
0.0
0.0
0.0
0.0
0.0
0.0
0.0
0.0
0.0
0.0
0.0
0.0
0.0
0.0
0.0
0.0
0.0
0.0
0.0
0.0
0.0
0.0
0.0
0.0
0.0
0.0
0.0
0.0
0.0
0.0
0.0
0.0
0.0
0.0
0.0
0.0
0.0
0.0
0.0
0.0
0.0
0.0
0.0
0.0
0.0
0.0
0.0
0.0
0.0
0.0
0.0
0.0
0.0
0.0
0.0
0.0
0.0
0.0
0.0
0.0
0.0
0.0
0.0
0.0
0.0
0.0
0.0
0.0
0.0
0.0
0.0
0.0
0.0
0.0
0.0
0.0
0.0
0.0
0.0
0.0
0.0
0.0
0.0
0.0
0.0
0.0
0.0
0.0
0.0
0.0
0.0
0.0
0.0
0.0
0.0
0.0
0.0
0.0
0.0
0.0
0.0
0.0
0.0
0.0
0.0
0.0
0.0
0.0
0.0
0.0
0.0
0.0
0.0
0.0
0.0
0.0
0.0
0.0
0.0
0.0
0.0
0.0
0.0
0.0
0.0
0.0
0.0
0.0
0.0
0.0
0.0
0.0
0.0
0.0
0.0
0.0
0.0
0.0
0.0
0.0
0.0
0.0
0.0
0.0
0.0
0.0
0.0
0.0
0.0
0.0
0.0
0.0
0.0
0.0
0.0
0.0
0.0
0.0
0.0
0.0
0.0
0.0
0.0
0.0
0.0
0.0
0.0
0.0
0.0
0.0
0.0
0.0
0.0
0.0
0.0
0.0
0.0
0.0
0.0
0.0
0.0
0.0
0.0
0.0
0.0
0.0
0.0
0.0
0.0
0.0
0.0
0.0
0.0
0.0
0.0
0.0
0.0
0.0
0.0
0.0
0.0
0.0
0.0
0.0
0.0
0.0
0.0
0.0
0.0
0.0
0.0
0.0
0.0
0.0
0.0
0.0
0.0
0.0
0.0
0.0
0.0
0.0
0.0
0.0
0.0
0.0
0.0
0.0
0.0
0.0
0.0
0.0
0.0
0.0
0.0
0.0
0.0
0.0
0.0
0.0
0.0
0.0
0.0
0.0
0.0
0.0
0.0
0.0
0.0
0.0
0.0
0.0
0.0
0.0
0.0
0.0
0.0
0.0
0.0
0.0
0.0
0.0
0.0
0.0
0.0
0.0
0.0
0.0
0.0
0.0
0.0
0.0
0.0
0.0
0.0
0.0
0.0
0.0
0.0
0.0
0.0
0.0
0.0
0.0
0.0
0.0
0.0
0.0
0.0
0.0
0.0
0.0
0.0
0.0
0.0
0.0
0.0
0.0
0.0
0.0
0.0
0.0
0.0
0.0
0.0
0.0
0.0
0.0
0.0
0.0
0.0
0.0
0.0
0.0
0.0
0.0
0.0
0.0
0.0
0.0
0.0
0.0
0.0
0.0
0.0
0.0
0.0
0.0
0.0
0.0
0.0
0.0
0.0
0.0
0.0
0.0
0.0
0.0
0.0
0.0
0.0
0.0
0.0
0.0
0.0
0.0
0.0
0.0
0.0
0.0
0.0
0.0
0.0
0.0
0.0
0.0
0.0
0.0
0.0
0.0
0.0
0.0
0.0
0.0
0.0
0.0
0.0
0.0
0.0
0.0
0.0
0.0
0.0
0.0
0.0
0.0
0.0
0.0
0.0
0.0
0.0
0.0
0.0
0.0
0.0
0.0
0.0
0.0
0.0
0.0
0.0
0.0
0.0
0.0
0.0
0.0
0.0
0.0
0.0
0.0
0.0
0.0
0.0
0.0
0.0
0.0
0.0
0.0
0.0
0.0
0.0
0.0
0.0
0.0
0.0
0.0
0.0
0.0
0.0
0.0
0.0
0.0
0.0
0.0
0.0
0.0
0.0
0.0
0.0
0.0
0.0
0.0
0.0
0.0
0.0
0.0
0.0
0.0
0.0
0.0
0.0
0.0
0.0
0.0
0.0
0.0
0.0
0.0
0.0
0.0
0.0
0.0
0.0
0.0
0.0
0.0
0.0
0.0
0.0
0.0
0.0
0.0
0.0
0.0
0.0
0.0
0.0
0.0
0.0
0.0
0.0
0.0
0.0
0.0
0.0
0.0
0.0
0.0
0.0
0.0
0.0
0.0
0.0
0.0
0.0
0.0
0.0
0.0
0.0
0.0
0.0
0.0
0.0
0.0
0.0
0.0
0.0
0.0
0.0
0.0
0.0
0.0
0.0
0.0
0.0
0.0
0.0
0.0
0.0
0.0
0.0
0.0
0.0
0.0
0.0
0.0
0.0
0.0
0.0
0.0
0.0
0.0
0.0
0.0
0.0
0.0
0.0
0.0
0.0
0.0
0.0
0.0
0.0
0.0
0.0
0.0
0.0
0.0
0.0
0.0
0.0
0.0
0.0
0.0
0.0
0.0
0.0
0.0
0.0
0.0
0.0
0.0
0.0
0.0
0.0
0.0
0.0
0.0
0.0
0.0
0.0
0.0
0.0
0.0
0.0
0.0
0.0
0.0
0.0
0.0
0.0
0.0
0.0
0.0
0.0
0.0
0.0
0.0
0.0
0.0
0.0
0.0
0.0
0.0
0.0
0.0
0.0
0.0
0.0
0.0
0.0
0.0
0.0
0.0
0.0
0.0
0.0
0.0
0.0
0.0
0.0
0.0
0.0
0.0
0.0
0.0
0.0
0.0
0.0
0.0
0.0
0.0
0.0
0.0
0.0
0.0
0.0
0.0
0.0
0.0
0.0
0.0
0.0
0.0
0.0
0.0
0.0
0.0
0.0
0.0
0.0
0.0
0.0
0.0
0.0
0.0
0.0
0.0
0.0
0.0
0.0
0.0
0.0
0.0
0.0
0.0
0.0
0.0
0.0
0.0
0.0
0.0
0.0
0.0
0.0
0.0
0.0
0.0
0.0
0.0
0.0
0.0
0.0
0.0
0.0
0.0
0.0
0.0
0.0
0.0
0.0
0.0
0.0
0.0
0.0
0.0
0.0
0.0
0.0
0.0
0.0
0.0
0.0
0.0
0.0
0.0
0.0
0.0
0.0
0.0
0.0
0.0
0.0
0.0
0.0
0.0
0.0
0.0
0.0
0.0
0.0
0.0
0.0
0.0
0.0
0.0
0.0
0.0
0.0
0.0
0.0
0.0
0.0
0.0
0.0
0.0
0.0
0.0
0.0
0.0
0.0
0.0
0.0
0.0
0.0
0.0
0.0
0.0
0.0
0.0
0.0
0.0
0.0
0.0
0.0
0.0
0.0
0.0
0.0
0.0
0.0
0.0
0.0
0.0
0.0
0.0
0.0
0.0
0.0
0.0
0.0
0.0
0.0
0.0
0.0
0.0
0.0
0.0
0.0
0.0
0.0
0.0
0.0
0.0
0.0
0.0
0.0
0.0
0.0
0.0
0.0
0.0
0.0
0.0
0.0
0.0
0.0
0.0
0.0
0.0
0.0
0.0
0.0
0.0
0.0
0.0
0.0
0.0
0.0
0.0
0.0
0.0
0.0
0.0
0.0
0.0
0.0
0.0
0.0
0.0
0.0
0.0
0.0
0.0
0.0
0.0
0.0
0.0
0.0
0.0
0.0
0.0
0.0
0.0
0.0
0.0
0.0
0.0
0.0
0.0
0.0
0.0
0.0
0.0
0.0
0.0
0.0
0.0
0.0
0.0
0.0
0.0
0.0
0.0
0.0
0.0
0.0
0.0
0.0
0.0
0.0
0.0
0.0
0.0
0.0
0.0
0.0
0.0
0.0
0.0
0.0
0.0
0.0
0.0
0.0
0.0
0.0
0.0
0.0
0.0
0.0
0.0
0.0
0.0
0.0
0.0
0.0
0.0
0.0
0.0
0.0
0.0
0.0
0.0
0.0
0.0
0.0
0.0
0.0
0.0
0.0
0.0
0.0
0.0
0.0
0.0
0.0
0.0
0.0
0.0
0.0
0.0
0.0
0.0
0.0
0.0
0.0
0.0
0.0
0.0
0.0
0.0
0.0
0.0
0.0
0.0
0.0
0.0
0.0
0.0
0.0
0.0
0.0
0.0
0.0
0.0
0.0
0.0
0.0
0.0
0.0
0.0
0.0
0.0
0.0
0.0
0.0
0.0
0.0
0.0
0.0
0.0
0.0
0.0
0.0
0.0
0.0
0.0
0.0
0.0
0.0
0.0
0.0
0.0
0.0
0.0
0.0
0.0
0.0
0.0
0.0
0.0
0.0
0.0
0.0
0.0
0.0
0.0
0.0
0.0
0.0
0.0
0.0
0.0
0.0
0.0
0.0
0.0
0.0
0.0
0.0
0.0
0.0
0.0
0.0
0.0
0.0
0.0
0.0
0.0
0.0
0.0
0.0
0.0
0.0
0.0
0.0
0.0
0.0
0.0
0.0
0.0
0.0
0.0
0.0
0.0
0.0
0.0
0.0
0.0
0.0
0.0
0.0
0.0
0.0
0.0
0.0
0.0
0.0
0.0
0.0
0.0
0.0
0.0
0.0
0.0
0.0
0.0
0.0
0.0
0.0
0.0
0.0
0.0
0.0
0.0
0.0
0.0
0.0
0.0
0.0
0.0
0.0
0.0
0.0
0.0
0.0
0.0
0.0
0.0
0.0
0.0
0.0
0.0
0.0
0.0
0.0
0.0
0.0
0.0
0.0
0.0
0.0
0.0
0.0
0.0
0.0
0.0
0.0
0.0
0.0
0.0
0.0
0.0
0.0
0.0
0.0
0.0
0.0
0.0
0.0
0.0
0.0
0.0
0.0
0.0
0.0
0.0
0.0
0.0
0.0
0.0
0.0
0.0
0.0
0.0
0.0
0.0
0.0
0.0
0.0
0.0
0.0
0.0
0.0
0.0
0.0
0.0
0.0
0.0
0.0
0.0
0.0
0.0
0.0
0.0
0.0
0.0
0.0
0.0
0.0
0.0
0.0
0.0
0.0
0.0
0.0
0.0
0.0
0.0
0.0
0.0
0.0
0.0
0.0
0.0
0.0
0.0
0.0
0.0
0.0
0.0
0.0
0.0
0.0
0.0
0.0
0.0
0.0
0.0
0.0
0.0
0.0
0.0
0.0
0.0
0.0
0.0
0.0
0.0
0.0
0.0
0.0
0.0
0.0
0.0
0.0
0.0
0.0
0.0
0.0
0.0
0.0
0.0
0.0
0.0
0.0
0.0
0.0
0.0
0.0
0.0
0.0
0.0
0.0
0.0
0.0
0.0
0.0
0.0
0.0
0.0
0.0
0.0
0.0
0.0
0.0
0.0
0.0
0.0
0.0
0.0
0.0
0.0
0.0
0.0
0.0
0.0
0.0
0.0
0.0
0.0
0.0
0.0
0.0
0.0
0.0
0.0
0.0
0.0
0.0
0.0
0.0
0.0
0.0
0.0
0.0
0.0
0.0
0.0
0.0
0.0
0.0
0.0
0.0
0.0
0.0
0.0
0.0
0.0
0.0
0.0
0.0
0.0
0.0
0.0
0.0
0.0
0.0
0.0
0.0
0.0
0.0
0.0
0.0
0.0
0.0
0.0
0.0
0.0
0.0
0.0
0.0
0.0
0.0
0.0
0.0
0.0
0.0
0.0
0.0
0.0
0.0
0.0
0.0
0.0
0.0
0.0
0.0
0.0
0.0
0.0
0.0
0.0
0.0
0.0
0.0
0.0
0.0
0.0
0.0
0.0
0.0
0.0
0.0
0.0
0.0
0.0
0.0
0.0
0.0
0.0
0.0
0.0
0.0
0.0
0.0
0.0
0.0
0.0
0.0
0.0
0.0
0.0
0.0
0.0
0.0
0.0
0.0
0.0
0.0
0.0
0.0
0.0
0.0
0.0
0.0
0.0
0.0
0.0
0.0
0.0
0.0
0.0
0.0
0.0
0.0
0.0
0.0
0.0
0.0
0.0
0.0
0.0
0.0
0.0
0.0
0.0
0.0
0.0
0.0
0.0
0.0
0.0
0.0
0.0
0.0
0.0
0.0
0.0
0.0
0.0
0.0
0.0
0.0
0.0
0.0
0.0
0.0
0.0
0.0
0.0
0.0
0.0
0.0
0.0
0.0
0.0
0.0
0.0
0.0
0.0
0.0
0.0
0.0
0.0
0.0
0.0
0.0
0.0
0.0
0.0
0.0
0.0
0.0
0.0
0.0
0.0
0.0
0.0
0.0
0.0
0.0
0.0
0.0
0.0
0.0
0.0
0.0
0.0
0.0
0.0
0.0
0.0
0.0
0.0
0.0
0.0
0.0
0.0
0.0
0.0
0.0
0.0
0.0
0.0
0.0
0.0
0.0
0.0
0.0
0.0
0.0
0.0
0.0
0.0
0.0
0.0
0.0
0.0
0.0
0.0
0.0
0.0
0.0
0.0
0.0
0.0
0.0
0.0
0.0
0.0
0.0
0.0
0.0
0.0
0.0
0.0
0.0
0.0
0.0
0.0
0.0
0.0
0.0
0.0
0.0
0.0
0.0
0.0
0.0
0.0
0.0
0.0
0.0
0.0
0.0
0.0
0.0
0.0
0.0
0.0
0.0
0.0
0.0
0.0
0.0
0.0
0.0
0.0
0.0
0.0
0.0
0.0
0.0
0.0
0.0
0.0
0.0
0.0
0.0
0.0
0.0
0.0
0.0
0.0
0.0
0.0
0.0
0.0
0.0
0.0
0.0
0.0
0.0
0.0
0.0
0.0
0.0
0.0
0.0
0.0
0.0
0.0
0.0
0.0
0.0
0.0
0.0
0.0
0.0
0.0
$$START_NUMBER_OF_MATERIAL_POINTS
4 0
4 0
4 0
4 0
4 0
4 0
4 0
4 0
4 0
4 0
4 0
4 0
4 0
4 0
4 0
4 0
4 0
4 0
4 0
4 0
4 0
4 0
4 0
4 0
4 0
4 0
4 0
4 0
4 0
4 0
4 0
4 0
4 0
4 0
4 0
4 0
4 0
4 0
4 0
4 0
4 0
4 0
4 0
4 0
4 0
4 0
4 0
4 0
4 0
4 0
4 0
4 0
4 0
4 0
4 0
4 0
4 0
4 0
4 0
4 0
4 0
4 0
4 0
4 0
4 0
4 0
4 0
4 0
4 0
4 0
4 0
4 0
4 0
4 0
4 0
4 0
4 0
4 0
4 0
4 0
4 0
4 0
4 0
4 0
4 0
4 0
4 0
4 0
4 0
4 0
4 0
4 0
4 0
4 0
4 0
4 0
4 0
4 0
4 0
4 0
4 0
4 0
4 0
4 0
4 0
4 0
4 0
4 0
4 0
4 0
4 0
4 0
4 0
4 0
4 0
4 0
4 0
4 0
4 0
4 0
4 0
4 0
4 0
4 0
4 0
4 0
4 0
4 0
4 0
4 0
4 0
4 0
4 0
4 0
4 0
4 0
4 0
4 0
4 0
4 0
4 0
4 0
4 0
4 0
4 0
4 0
4 0
4 0
4 0
4 0
4 0
4 0
4 0
4 0
4 0
4 0
4 0
4 0
4 0
4 0
4 0
4 0
4 0
4 0
4 0
4 0
4 0
4 0
4 0
4 0
4 0
4 0
4 0
4 0
4 0
4 0
4 0
4 0
4 0
4 0
4 0
4 0
4 0
4 0
4 0
4 0
4 0
4 0
4 0
4 0
4 0
4 0
4 0
4 0
4 0
4 0
4 0
4 0
4 0
4 0
4 0
4 0
4 0
4 0
4 0
4 0
4 0
4 0
4 0
4 0
4 0
4 0
4 0
4 0
4 0
4 0
4 0
4 0
4 0
4 0
4 0
4 0
4 0
4 0
4 0
4 0
4 0
4 0
4 0
4 0
4 0
4 0
4 0
4 0
4 0
4 0
4 0
4 0
4 0
4 0
4 0
4 0
4 0
4 0
4 0
4 0
4 0
4 0
4 0
4 0
4 0
4 0
4 0
4 0
4 0
4 0
4 0
4 0
4 0
4 0
4 0
4 0
4 0
4 0
4 0
4 0
4 0
4 0
4 0
4 0
4 0
4 0
4 0
4 0
4 0
4 0
4 0
4 0
4 0
4 0
4 0
4 0
4 0
4 0
4 0
4 0
4 0
4 0
4 0
4 0
4 0
4 0
4 0
4 0
4 0
4 0
4 0
4 0
4 0
4 0
4 0
4 0
4 0
4 0
4 0
4 0
4 0
4 0
4 0
4 0
4 0
4 0
4 0
4 0
4 0
4 0
4 0
4 0
4 0
4 0
4 0
4 0
4 0
4 0
4 0
4 0
4 0
4 0
4 0
4 0
4 0
4 0
4 0
4 0
4 0
4 0
4 0
4 0
4 0
4 0
4 0
4 0
4 0
4 0
4 0
4 0
4 0
4 0
4 0
4 0
4 0
4 0
4 0
4 0
4 0
4 0
4 0
4 0
4 0
4 0
4 0
4 0
4 0
4 0
4 0
4 0
4 0
4 0
4 0
4 0
4 0
4 0
4 0
4 0
4 0
4 0
4 0
4 0
4 0
4 0
4 0
4 0
4 0
4 0
4 0
4 0
4 0
4 0
4 0
4 0
4 0
4 0
4 0
4 0
4 0
4 0
4 0
4 0
4 0
4 0
4 0
4 0
4 0
4 0
4 0
4 0
4 0
4 0
4 0
4 0
4 0
4 0
4 0
4 0
4 0
4 0
4 0
4 0
4 0
4 0
4 0
4 0
4 0
4 0
4 0
4 0
4 0
4 0
4 0
4 0
4 0
4 0
4 0
4 0
4 0
4 0
4 0
4 0
4 0
4 0
4 0
4 0
4 0
4 0
4 0
4 0
4 0
4 0
4 0
4 0
4 0
4 0
4 0
4 0
4 0
4 0
4 0
4 0
4 0
4 0
4 0
4 0
4 0
4 0
4 0
4 0
4 0
4 0
4 0
4 0
4 0
4 0
4 0
4 0
4 0
4 0
4 0
4 0
4 0
4 0
4 0
4 0
4 0
4 0
4 0
4 0
4 0
4 0
4 0
4 0
4 0
4 0
4 0
4 0
4 0
4 0
4 0
4 0
4 0
4 0
4 0
4 0
4 0
4 0
4 0
4 0
4 0
4 0
4 0
4 0
4 0
4 0
4 0
4 0
4 0
4 0
4 0
4 0
4 0
4 0
4 0
4 0
4 0
4 0
4 0
4 0
4 0
4 0
4 0
4 0
4 0
4 0
4 0
4 0
4 0
4 0
4 0
4 0
4 0
4 0
4 0
4 0
4 0
4 0
4 0
4 0
4 0
4 0
4 0
4 0
4 0
4 0
4 0
4 0
4 0
4 0
4 0
4 0
4 0
4 0
4 0
4 0
4 0
4 0
4 0
4 0
4 0
4 0
4 0
4 0
4 0
4 0
4 0
4 0
4 0
4 0
4 0
4 0
4 0
4 0
4 0
4 0
4 0
4 0
4 0
4 0
4 0
4 0
4 0
4 0
4 0
4 0
4 0
4 0
4 0
4 0
4 0
4 0
4 0
4 0
4 0
4 0
4 0
4 0
4 0
4 0
4 0
4 0
4 0
4 0
4 0
4 0
4 0
4 0
4 0
4 0
4 0
4 0
4 0
4 0
4 0
4 0
4 0
4 0
4 0
4 0
4 0
4 0
4 0
4 0
4 0
4 0
4 0
4 0
4 0
4 0
4 0
4 0
4 0
4 0
4 0
4 0
4 0
4 0
4 0
4 0
4 0
4 0
4 0
4 0
4 0
4 0
4 0
4 0
4 0
4 0
4 0
4 0
4 0
4 0
4 0
4 0
4 0
4 0
4 0
4 0
4 0
4 0
4 0
4 0
4 0
4 0
4 0
4 0
4 0
4 0
4 0
4 0
4 0
4 0
4 0
4 0
4 0
4 0
4 0
4 0
4 0
4 0
4 0
4 0
4 0
4 0
4 0
4 0
4 0
4 0
4 0
4 0
4 0
4 0
4 0
4 0
4 0
4 0
4 0
4 0
4 0
4 0
4 0
4 0
4 0
4 0
4 0
4 0
4 0
4 0
4 0
4 0
4 0
4 0
4 0
4 0
4 0
4 0
4 0
4 0
4 0
4 0
4 0
4 0
4 0
4 0
4 0
4 0
4 0
4 0
4 0
4 0
4 0
4 0
4 0
4 0
4 0
4 0
4 0
4 0
4 0
4 0
4 0
4 0
4 0
4 0
4 0
4 0
4 0
4 0
4 0
4 0
4 0
4 0
4 0
4 0
4 0
4 0
4 0
4 0
4 0
4 0
4 0
4 0
4 0
4 0
4 0
4 0
4 0
4 0
4 0
4 0
4 0
4 0
4 0
4 0
4 0
4 0
4 0
4 0
4 0
4 0
4 0
4 0
4 0
4 0
4 0
4 0
4 0
4 0
4 0
4 0
4 0
4 0
4 0
4 0
4 0
4 0
4 0
4 0
4 0
4 0
4 0
4 0
4 0
4 0
4 0
4 0
4 0
4 0
4 0
4 0
4 0
4 0
4 0
4 0
4 0
4 0
4 0
4 0
4 0
4 0
4 0
4 0
4 0
4 0
4 0
4 0
4 0
4 0
4 0
4 0
4 0
4 0
4 0
4 0
4 0
4 0
4 0
4 0
4 0
4 0
4 0
4 0
4 0
4 0
4 0
4 0
4 0
4 0
4 0
4 0
4 0
4 0
4 0
4 0
4 0
4 0
4 0
4 0
4 0
4 0
4 0
4 0
4 0
4 0
4 0
4 0
4 0
4 0
4 0
4 0
4 0
4 0
4 0
4 0
4 0
4 0
4 0
4 0
4 0
4 0
4 0
4 0
4 0
4 0
4 0
4 0
4 0
4 0
4 0
4 0
4 0
4 0
4 0
4 0
4 0
4 0
4 0
4 0
4 0
4 0
4 0
4 0
4 0
4 0
4 0
4 0
4 0
4 0
4 0
4 0
4 0
4 0
4 0
4 0
4 0
4 0
4 0
4 0
4 0
4 0
4 0
4 0
4 0
4 0
4 0
4 0
4 0
4 0
4 0
4 0
4 0
4 0
4 0
4 0
4 0
4 0
4 0
4 0
4 0
4 0
4 0
4 0
4 0
4 0
4 0
4 0
4 0
4 0
4 0
4 0
4 0
4 0
4 0
4 0
4 0
4 0
4 0
4 0
4 0
4 0
4 0
4 0
4 0
4 0
4 0
4 0
4 0
4 0
4 0
4 0
4 0
4 0
4 0
4 0
4 0
4 0
4 0
4 0
4 0
4 0
4 0
4 0
4 0
4 0
4 0
4 0
4 0
4 0
4 0
4 0
4 0
4 0
4 0
4 0
4 0
4 0
4 0
4 0
4 0
4 0
4 0
4 0
4 0
4 0
4 0
4 0
4 0
4 0
4 0
4 0
4 0
4 0
4 0
4 0
4 0
4 0
4 0
4 0
4 0
4 0
4 0
4 0
4 0
4 0
4 0
4 0
4 0
4 0
4 0
4 0
4 0
4 0
4 0
4 0
4 0
4 0
4 0
4 0
4 0
4 0
4 0
4 0
4 0
4 0
4 0
4 0
4 0
4 0
4 0
4 0
4 0
4 0
4 0
4 0
4 0
4 0
4 0
4 0
4 0
4 0
4 0
4 0
4 0
4 0
4 0
4 0
4 0
4 0
4 0
4 0
4 0
4 0
4 0
4 0
4 0
4 0
4 0
4 0
4 0
4 0
4 0
4 0
4 0
4 0
4 0
4 0
4 0
4 0
4 0
4 0
4 0
4 0
4 0
4 0
4 0
4 0
4 0
4 0
4 0
4 0
4 0
4 0
4 0
4 0
4 0
4 0
4 0
4 0
4 0
4 0
4 0
4 0
4 0
4 0
4 0
4 0
4 0
4 0
4 0
4 0
4 0
4 0
4 0
4 0
4 0
4 0
4 0
4 0
4 0
4 0
4 0
4 0
4 0
4 0
4 0
4 0
4 0
4 0
4 0
4 0
4 0
4 0
4 0
4 0
4 0
4 0
4 0
4 0
4 0
4 0
4 0
4 0
4 0
4 0
4 0
4 0
4 0
4 0
4 0
4 0
4 0
4 0
4 0
4 0
4 0
4 0
4 0
4 0
4 0
4 0
4 0
4 0
4 0
4 0
4 0
4 0
4 0
4 0
4 0
4 0
4 0
4 0
4 0
4 0
4 0
4 0
4 0
4 0
4 0
4 0
4 0
4 0
4 0
4 0
4 0
4 0
4 0
4 0
4 0
4 0
4 0
4 0
4 0
4 0
4 0
4 0
4 0
4 0
4 0
4 0
4 0
4 0
4 0
4 0
4 0
4 0
4 0
4 0
4 0
4 0
4 0
4 0
4 0
4 0
4 0
4 0
4 0
4 0
4 0
4 0
4 0
4 0
4 0
4 0
4 0
4 0
4 0
4 0
4 0
4 0
4 0
4 0
4 0
4 0
4 0
4 0
4 0
4 0
4 0
4 0
4 0
4 0
4 0
4 0
4 0
4 0
4 0
4 0
4 0
4 0
4 0
4 0
4 0
4 0
4 0
4 0
4 0
4 0
4 0
4 0
4 0
4 0
4 0
4 0
4 0
4 0
4 0
4 0
4 0
4 0
4 0
4 0
4 0
4 0
4 0
4 0
4 0
4 0
4 0
4 0
4 0
4 0
4 0
4 0
4 0
4 0
4 0
4 0
4 0
4 0
4 0
4 0
4 0
4 0
4 0
4 0
4 0
4 0
4 0
4 0
4 0
4 0
4 0
4 0
4 0
4 0
4 0
4 0
4 0
4 0
4 0
4 0
4 0
4 0
0 0
0 0
0 0
0 0
0 0
0 0
0 0
0 0
0 0
0 0
0 0
0 0
0 0
0 0
0 0
0 0
0 0
0 0
0 0
0 0
0 0
0 0
0 0
0 0
0 0
0 0
0 0
0 0
0 0
0 0
0 0
0 0
0 0
0 0
0 0
0 0
0 0
0 0
0 0
0 0
0 0
0 0
0 0
0 0
0 0
0 0
0 0
0 0
0 0
0 0
0 0
0 0
0 0
0 0
0 0
0 0
0 0
0 0
0 0
0 0
0 0
0 0
0 0
0 0
0 0
0 0
0 0
0 0
0 0
0 0
0 0
0 0
0 0
0 0
0 0
0 0
0 0
0 0
0 0
0 0
0 0
0 0
0 0
0 0
0 0
0 0
0 0
0 0
0 0
0 0
0 0
0 0
0 0
0 0
0 0
0 0
0 0
0 0
0 0
0 0
0 0
0 0
0 0
0 0
0 0
0 0
0 0
0 0
0 0
0 0
0 0
0 0
0 0
0 0
0 0
0 0
0 0
0 0
0 0
0 0
0 0
0 0
0 0
0 0
0 0
0 0
0 0
0 0
0 0
0 0
0 0
0 0
0 0
0 0
0 0
0 0
0 0
0 0
0 0
0 0
0 0
0 0
0 0
0 0
0 0
0 0
0 0
0 0
0 0
0 0
0 0
0 0
0 0
0 0
0 0
0 0
0 0
0 0
0 0
0 0
0 0
0 0
0 0
0 0
0 0
0 0
0 0
0 0
0 0
0 0
0 0
0 0
0 0
0 0
0 0
0 0
0 0
0 0
0 0
0 0
0 0
0 0
0 0
0 0
0 0
0 0
0 0
0 0
0 0
0 0
0 0
0 0
0 0
0 0
0 0
0 0
0 0
0 0
0 0
0 0
0 0
0 0
0 0
0 0
0 0
0 0
0 0
0 0
0 0
0 0
0 0
0 0
0 0
0 0
0 0
0 0
0 0
0 0
0 0
0 0
0 0
0 0
0 0
0 0
0 0
0 0
0 0
0 0
0 0
0 0
0 0
0 0
0 0
0 0
0 0
0 0
0 0
0 0
0 0
0 0
0 0
0 0
0 0
0 0
0 0
0 0
0 0
0 0
0 0
0 0
0 0
0 0
0 0
0 0
0 0
0 0
0 0
0 0
0 0
0 0
0 0
0 0
0 0
0 0
0 0
0 0
0 0
0 0
0 0
0 0
0 0
0 0
0 0
0 0
0 0
0 0
0 0
0 0
0 0
0 0
0 0
0 0
0 0
0 0
0 0
0 0
0 0
0 0
0 0
0 0
0 0
0 0
0 0
0 0
0 0
0 0
0 0
0 0
0 0
0 0
0 0
0 0
0 0
0 0
0 0
0 0
0 0
0 0
0 0
0 0
0 0
0 0
0 0
0 0
0 0
0 0
0 0
0 0
0 0
0 0
0 0
0 0
0 0
0 0
0 0
0 0
0 0
0 0
0 0
0 0
0 0
0 0
0 0
0 0
0 0
0 0
0 0
0 0
0 0
0 0
0 0
0 0
0 0
0 0
0 0
0 0
0 0
0 0
0 0
0 0
0 0
0 0
0 0
0 0
0 0
0 0
0 0
0 0
0 0
0 0
0 0
0 0
0 0
0 0
0 0
0 0
0 0
0 0
0 0
0 0
0 0
0 0
0 0
0 0
0 0
0 0
0 0
0 0
$$FINISH
